56 315 1 95.637750169892755 86.943409245357046
0 1.2358699189105931 0.23586991891059303
1 2.2358794072291288 0.23587940722912903
2 2.241495583591727 0.24149558359172735
3 2.2766102891138136 0.27661028911381358
4 3.2831962483784283 0.28319624837842822
5 2.2766102891138136 0.27661028911381358
6 2.2887214818979178 0.2887214818979178
7 3.295595802895487 0.29559580289548726
8 3.2887214818979174 0.2887214818979178
9 2.3162187658881956 0.31621876588819564
10 2.3790511266340668 0.3790511266340672
11 3.3880761534586878 0.38807615345868784
12 3.3790511266340668 0.3790511266340672
13 3.4151512339325496 0.41515123393254982
14 2.3158759388617223 0.31587593886172266
15 0.43915713121011712 0.43915713121011712
16 1.4496132533817865 0.44961325338178659
17 1.439157131210117 0.43915713121011712
18 1.4809816198967949 0.48098161989679494
19 1.3659642760084307 0.3659642760084309
20 0.36596427600843084 0.3659642760084309
21 1.0230966995039219 0.023096699503921878
22 2.0647973642906225 0.064797364290622744
23 2.0632904488420034 0.063290448842003605
24 2.0771969188076818 0.077196918807681827
25 3.0754016416261081 0.075401641626107824
26 2.0825827503524037 0.082582750352403811
27 2.1696772693708826 0.16967726937088243
28 3.1657312863622571 0.16573128636225726
29 3.1815152183967581 0.18151521839675794
30 2.138109405301881 0.13810940530188107
31 2.2312143692939812 0.23121436929398118
32 3.2258372909383071 0.22583729093830721
33 3.2473456043610027 0.24734560436100311
34 3.188197742448589 0.18819774244858933
35 2.1881977424485894 0.18819774244858933
36 1.0407403702032205 0.040740370203220584
37 2.0528515629873252 0.05285156298732481
38 2.0578850451765942 0.057885045176593847
39 2.1431812077234742 0.14318120772347426
40 3.1568175132209477 0.156817513220948
41 2.1193176731028953 0.11931767310289522
42 2.2032872122995242 0.20328721229952418
43 3.2226478991851932 0.22264789918519318
44 3.1694060102496033 0.1694060102496035
45 2.1694060102496033 0.1694060102496035
46 1.0578746532086734 0.057874653208673445
47 2.1568071212530278 0.15680712125302759
48 2.1193097661707818 0.11930976617078186
49 2.2226375072172724 0.22263750721727277
50 3.1693981033174903 0.16939810331749017
51 2.1693981033174903 0.16939810331749017
52 1.0853673646002115 0.085367364600211382
53 2.13545570174692 0.13545570174691968
54 2.13545570174692 0.13545570174691968
55 1.1253630410934994 0.12536304109349949
0 2 -2
0 4 -2
0 7 -2
0 11 -2
0 16 -2
1 2 2
1 5 -2
1 8 -2
1 12 -2
1 17 -2
1 21 -2
1 23 2
1 25 2
1 28 2
1 32 2
2 4 2
2 5 -2
2 7 2
2 8 -2
2 11 2
2 12 -2
2 16 2
2 17 -2
3 4 2
3 5 2
3 9 -2
3 13 -2
3 18 -2
3 22 -2
3 23 -2
3 26 2
3 29 2
3 33 2
4 5 2
4 7 2
4 9 -2
4 11 2
4 13 -2
4 16 2
4 18 -2
4 22 2
4 36 -2
4 38 2
4 40 2
4 43 2
5 8 2
5 9 -2
5 12 2
5 13 -2
5 17 2
5 18 -2
6 7 2
6 8 2
6 9 2
6 14 -2
6 19 -2
6 24 -2
6 25 -2
6 26 -2
6 30 2
6 34 2
7 8 2
7 9 2
7 11 2
7 14 -2
7 16 2
7 19 -2
7 24 2
7 37 -2
7 38 -2
7 41 2
7 44 2
8 9 2
8 12 2
8 14 -2
8 17 2
8 19 -2
8 25 2
8 37 2
8 46 -2
8 48 2
8 50 2
9 13 2
9 14 -2
9 18 2
9 19 -2
10 11 2
10 12 2
10 13 2
10 14 2
10 20 -2
10 27 -2
10 28 -2
10 29 -2
10 30 -2
10 35 2
11 12 2
11 13 2
11 14 2
11 16 2
11 20 -2
11 27 2
11 39 -2
11 40 -2
11 41 -2
11 45 2
12 13 2
12 14 2
12 17 2
12 20 -2
12 28 2
12 39 2
12 47 -2
12 48 -2
12 51 2
13 14 2
13 18 2
13 20 -2
13 29 2
13 40 2
13 47 2
13 52 -2
13 54 2
14 19 2
14 20 -2
15 16 2
15 17 2
15 18 2
15 19 2
15 20 2
15 31 -2
15 32 -2
15 33 -2
15 34 -2
15 35 -2
16 17 2
16 18 2
16 19 2
16 20 2
16 31 2
16 42 -2
16 43 -2
16 44 -2
16 45 -2
17 18 2
17 19 2
17 20 2
17 32 2
17 42 2
17 49 -2
17 50 -2
17 51 -2
18 19 2
18 20 2
18 33 2
18 43 2
18 49 2
18 53 -2
18 54 -2
19 20 2
19 34 2
19 44 2
19 50 2
19 53 2
19 55 -2
21 23 -2
21 25 -2
21 28 -2
21 32 -2
22 23 2
22 26 -2
22 29 -2
22 33 -2
22 36 -2
22 38 2
22 40 2
22 43 2
23 25 2
23 26 -2
23 28 2
23 29 -2
23 32 2
23 33 -2
24 25 2
24 26 2
24 30 -2
24 34 -2
24 37 -2
24 38 -2
24 41 2
24 44 2
25 26 2
25 28 2
25 30 -2
25 32 2
25 34 -2
25 37 2
25 46 -2
25 48 2
25 50 2
26 29 2
26 30 -2
26 33 2
26 34 -2
27 28 2
27 29 2
27 30 2
27 35 -2
27 39 -2
27 40 -2
27 41 -2
27 45 2
28 29 2
28 30 2
28 32 2
28 35 -2
28 39 2
28 47 -2
28 48 -2
28 51 2
29 30 2
29 33 2
29 35 -2
29 40 2
29 47 2
29 52 -2
29 54 2
30 34 2
30 35 -2
31 32 2
31 33 2
31 34 2
31 35 2
31 42 -2
31 43 -2
31 44 -2
31 45 -2
32 33 2
32 34 2
32 35 2
32 42 2
32 49 -2
32 50 -2
32 51 -2
33 34 2
33 35 2
33 43 2
33 49 2
33 53 -2
33 54 -2
34 35 2
34 44 2
34 50 2
34 53 2
34 55 -2
36 38 -2
36 40 -2
36 43 -2
37 38 2
37 41 -2
37 44 -2
37 46 -2
37 48 2
37 50 2
38 40 2
38 41 -2
38 43 2
38 44 -2
39 40 2
39 41 2
39 45 -2
39 47 -2
39 48 -2
39 51 2
40 41 2
40 43 2
40 45 -2
40 47 2
40 52 -2
40 54 2
41 44 2
41 45 -2
42 43 2
42 44 2
42 45 2
42 49 -2
42 50 -2
42 51 -2
43 44 2
43 45 2
43 49 2
43 53 -2
43 54 -2
44 45 2
44 50 2
44 53 2
44 55 -2
46 48 -2
46 50 -2
47 48 2
47 51 -2
47 52 -2
47 54 2
48 50 2
48 51 -2
49 50 2
49 51 2
49 53 -2
49 54 -2
50 51 2
50 53 2
50 55 -2
52 54 -2
53 54 2
53 55 -2
