35 150 1 93.019070513393814 84.562791375812537
0 1.3314132934696969 0.331413293469697
1 2.3461035645395403 0.34610356453954011
2 2.5427533171188239 0.54275331711882424
3 2.419943034707325 0.41994303470732497
4 3.658547031700123 0.65854703170012319
5 2.3054131161507816 0.30541311615078176
6 2.4406424687912365 0.44064246879123625
7 3.691007507877166 0.69100750787716603
8 3.3204672500299899 0.32046725002998999
9 2.3605256562837384 0.36052565628373873
10 0.47302128216454747 0.47302128216454747
11 1.7417833743034947 0.74178337430349484
12 1.3440154779378528 0.3440154779378527
13 1.3870174126800843 0.38701741268008427
14 0.38701741268008438 0.38701741268008427
15 1.134240119164752 0.13424011916475195
16 2.2500338337460506 0.25003383374605082
17 2.1159577199981685 0.11595771999816851
18 2.2824943099230937 0.2824943099230936
19 3.1310118538773772 0.13101185387737677
20 2.1473883356120491 0.14738833561204884
21 2.3332701763494228 0.33327017634942263
22 3.1545600817852395 0.1545600817852395
23 3.1738800920083943 0.17388009200839441
24 2.1738800920083943 0.17388009200839441
25 1.0643852663546385 0.06438526635463844
26 2.0794394002338468 0.079439400233846699
27 2.0893693252630774 0.089369325263077531
28 2.1029876281417095 0.10298762814170945
29 3.1158610816594225 0.11586108165942312
30 2.115861081659423 0.11586108165942312
31 1.0773500125695696 0.077350012569569568
32 2.103841768965915 0.10384176896591514
33 2.103841768965915 0.10384176896591514
34 1.0434276570104548 0.043427657010454861
0 2 -2
0 4 -2
0 7 -2
0 11 -2
1 2 2
1 5 -2
1 8 -2
1 12 -2
1 15 -2
1 17 2
1 19 2
1 22 2
2 4 2
2 5 -2
2 7 2
2 8 -2
2 11 2
2 12 -2
3 4 2
3 5 2
3 9 -2
3 13 -2
3 16 -2
3 17 -2
3 20 2
3 23 2
4 5 2
4 7 2
4 9 -2
4 11 2
4 13 -2
4 16 2
4 25 -2
4 27 2
4 29 2
5 8 2
5 9 -2
5 12 2
5 13 -2
6 7 2
6 8 2
6 9 2
6 14 -2
6 18 -2
6 19 -2
6 20 -2
6 24 2
7 8 2
7 9 2
7 11 2
7 14 -2
7 18 2
7 26 -2
7 27 -2
7 30 2
8 9 2
8 12 2
8 14 -2
8 19 2
8 26 2
8 31 -2
8 33 2
9 13 2
9 14 -2
10 11 2
10 12 2
10 13 2
10 14 2
10 21 -2
10 22 -2
10 23 -2
10 24 -2
11 12 2
11 13 2
11 14 2
11 21 2
11 28 -2
11 29 -2
11 30 -2
12 13 2
12 14 2
12 22 2
12 28 2
12 32 -2
12 33 -2
13 14 2
13 23 2
13 29 2
13 32 2
13 34 -2
15 17 -2
15 19 -2
15 22 -2
16 17 2
16 20 -2
16 23 -2
16 25 -2
16 27 2
16 29 2
17 19 2
17 20 -2
17 22 2
17 23 -2
18 19 2
18 20 2
18 24 -2
18 26 -2
18 27 -2
18 30 2
19 20 2
19 22 2
19 24 -2
19 26 2
19 31 -2
19 33 2
20 23 2
20 24 -2
21 22 2
21 23 2
21 24 2
21 28 -2
21 29 -2
21 30 -2
22 23 2
22 24 2
22 28 2
22 32 -2
22 33 -2
23 24 2
23 29 2
23 32 2
23 34 -2
25 27 -2
25 29 -2
26 27 2
26 30 -2
26 31 -2
26 33 2
27 29 2
27 30 -2
28 29 2
28 30 2
28 32 -2
28 33 -2
29 30 2
29 32 2
29 34 -2
31 33 -2
32 33 2
32 34 -2
