84 588 1 131.36667747008471 119.42425224553153
0 1.2623015670947881 0.26230156709478808
1 2.2913517656564446 0.29135176565644477
2 2.1910503381353732 0.19105033813537362
3 2.4261913414928071 0.42619134149280724
4 3.2794697321264312 0.27946973212643095
5 2.4331780847959679 0.43317808479596803
6 2.4310409447114436 0.43104094471144327
7 3.2826497998107822 0.28264979981078248
8 3.438107189706713 0.43810718970671286
9 2.2614510648249739 0.26145106482497382
10 2.4314868582267706 0.4314868582267708
11 3.2829422021159154 0.28294220211591531
12 3.438560413279669 0.43856041327966871
13 3.2617215369572219 0.26172153695722167
14 2.5163695188615454 0.51636951886154536
15 2.4635748498258168 0.46357484982581687
16 3.3039835080825029 0.30398350808250285
17 3.4711744375278797 0.47117443752787941
18 3.281184744976315 0.28118474497631513
19 3.5547699022505679 0.55476990225056777
20 2.3267822711886903 0.32678227118869058
21 0.46434911177449195 0.4643491117744919
22 1.3044912208357324 0.30449122083573238
23 1.4719613922953854 0.4719613922953852
24 1.2816543792730526 0.28165437927305242
25 1.5556964780252116 0.5556964780252116
26 1.3273280623984123 0.32732806239841233
27 0.28165437927305248 0.28165437927305242
28 1.1084990629152589 0.10849906291525886
29 2.196918456906316 0.19691845690631624
30 2.3052236082047899 0.30522360820479016
31 2.2000985245906675 0.20009852459066774
32 3.3101527131155346 0.31015271311553499
33 2.1850911352463678 0.18509113524636764
34 2.2003909268958006 0.20039092689580054
35 3.310605936688491 0.31060593668849079
36 3.1853616073786153 0.18536160737861551
37 2.3657134415848358 0.36571344158483599
38 2.2214322328623881 0.22143223286238808
39 3.3432199609367013 0.34321996093670154
40 3.2048248153977092 0.20482481539770897
41 3.4041138249738583 0.40411382497385828
42 2.238039650327067 0.23803965032706723
43 2.2219399456156177 0.22193994561561764
44 3.3440069157042074 0.34400691570420733
45 3.205294449694446 0.20529444969444632
46 3.4050404007485024 0.40504040074850217
47 3.238585441536789 0.23858544153678896
48 2.205294449694446 0.20529444969444632
49 1.1665764920111015 0.1665764920111015
50 2.171505596921846 0.1715055969218463
51 2.1023501142920695 0.10235011429206956
52 2.1719588204948024 0.17195882049480218
53 3.1026205864243175 0.10262058642431743
54 2.2024676434858157 0.20246764348581547
55 2.2045728447430126 0.2045728447430129
56 3.122083794443411 0.12208379444341091
57 3.2408680268748378 0.24086802687483777
58 2.1418811665153155 0.14188116651531538
59 2.2053597995105187 0.20535979951051869
60 3.1225534287401482 0.12255342874014825
61 3.2417946026494819 0.24179460264948169
62 3.142426957725037 0.14242695772503716
63 2.1225534287401482 0.12255342874014825
64 1.0847295020497532 0.084729502049753186
65 2.0849999741820011 0.084999974182001045
66 2.1677026517644884 0.16770265176448854
67 2.1044631822010942 0.10446318220109455
68 3.2061030351535105 0.20610303515351083
69 2.1214031576931638 0.12140315769316393
70 2.1049328164978318 0.10493281649783187
71 3.2070296109281546 0.20702961092815478
72 3.1219489489028858 0.1219489489028857
73 2.1049328164978318 0.10493281649783187
74 1.006337257730809 0.0063372577308088958
75 2.044737641119831 0.044737641119831195
76 2.0263523091527773 0.026352309152777278
77 2.0456642168944752 0.04566421689447512
78 3.0268981003624988 0.026898100362499046
79 2.023144877056104 0.023144877056103831
80 1.0229337363920994 0.022933736392099422
81 2.0234795276018214 0.02347952760182119
82 2.0202033144480787 0.020203314448078696
83 1.0199328423158307 0.019932842315830829
0 2 -2
0 4 -2
0 7 -2
0 11 -2
0 16 -2
0 22 -2
1 2 2
1 5 -2
1 8 -2
1 12 -2
1 17 -2
1 23 -2
1 28 -2
1 30 2
1 32 2
1 35 2
1 39 2
1 44 2
2 4 2
2 5 -2
2 7 2
2 8 -2
2 11 2
2 12 -2
2 16 2
2 17 -2
2 22 2
2 23 -2
3 4 2
3 5 2
3 9 -2
3 13 -2
3 18 -2
3 24 -2
3 29 -2
3 30 -2
3 33 2
3 36 2
3 40 2
3 45 2
4 5 2
4 7 2
4 9 -2
4 11 2
4 13 -2
4 16 2
4 18 -2
4 22 2
4 24 -2
4 29 2
4 49 -2
4 51 2
4 53 2
4 56 2
4 60 2
5 8 2
5 9 -2
5 12 2
5 13 -2
5 17 2
5 18 -2
5 23 2
5 24 -2
6 7 2
6 8 2
6 9 2
6 14 -2
6 19 -2
6 25 -2
6 31 -2
6 32 -2
6 33 -2
6 37 2
6 41 2
6 46 2
7 8 2
7 9 2
7 11 2
7 14 -2
7 16 2
7 19 -2
7 22 2
7 25 -2
7 31 2
7 50 -2
7 51 -2
7 54 2
7 57 2
7 61 2
8 9 2
8 12 2
8 14 -2
8 17 2
8 19 -2
8 23 2
8 25 -2
8 32 2
8 50 2
8 64 -2
8 66 2
8 68 2
8 71 2
9 13 2
9 14 -2
9 18 2
9 19 -2
9 24 2
9 25 -2
10 11 2
10 12 2
10 13 2
10 14 2
10 20 -2
10 26 -2
10 34 -2
10 35 -2
10 36 -2
10 37 -2
10 42 2
10 47 2
11 12 2
11 13 2
11 14 2
11 16 2
11 20 -2
11 22 2
11 26 -2
11 34 2
11 52 -2
11 53 -2
11 54 -2
11 58 2
11 62 2
12 13 2
12 14 2
12 17 2
12 20 -2
12 23 2
12 26 -2
12 35 2
12 52 2
12 65 -2
12 66 -2
12 69 2
12 72 2
13 14 2
13 18 2
13 20 -2
13 24 2
13 26 -2
13 36 2
13 53 2
13 65 2
13 74 -2
13 76 2
13 78 2
14 19 2
14 20 -2
14 25 2
14 26 -2
15 16 2
15 17 2
15 18 2
15 19 2
15 20 2
15 27 -2
15 38 -2
15 39 -2
15 40 -2
15 41 -2
15 42 -2
15 48 2
16 17 2
16 18 2
16 19 2
16 20 2
16 22 2
16 27 -2
16 38 2
16 55 -2
16 56 -2
16 57 -2
16 58 -2
16 63 2
17 18 2
17 19 2
17 20 2
17 23 2
17 27 -2
17 39 2
17 55 2
17 67 -2
17 68 -2
17 69 -2
17 73 2
18 19 2
18 20 2
18 24 2
18 27 -2
18 40 2
18 56 2
18 67 2
18 75 -2
18 76 -2
18 79 2
19 20 2
19 25 2
19 27 -2
19 41 2
19 57 2
19 68 2
19 75 2
19 80 -2
19 82 2
20 26 2
20 27 -2
21 22 2
21 23 2
21 24 2
21 25 2
21 26 2
21 27 2
21 43 -2
21 44 -2
21 45 -2
21 46 -2
21 47 -2
21 48 -2
22 23 2
22 24 2
22 25 2
22 26 2
22 27 2
22 43 2
22 59 -2
22 60 -2
22 61 -2
22 62 -2
22 63 -2
23 24 2
23 25 2
23 26 2
23 27 2
23 44 2
23 59 2
23 70 -2
23 71 -2
23 72 -2
23 73 -2
24 25 2
24 26 2
24 27 2
24 45 2
24 60 2
24 70 2
24 77 -2
24 78 -2
24 79 -2
25 26 2
25 27 2
25 46 2
25 61 2
25 71 2
25 77 2
25 81 -2
25 82 -2
26 27 2
26 47 2
26 62 2
26 72 2
26 78 2
26 81 2
26 83 -2
28 30 -2
28 32 -2
28 35 -2
28 39 -2
28 44 -2
29 30 2
29 33 -2
29 36 -2
29 40 -2
29 45 -2
29 49 -2
29 51 2
29 53 2
29 56 2
29 60 2
30 32 2
30 33 -2
30 35 2
30 36 -2
30 39 2
30 40 -2
30 44 2
30 45 -2
31 32 2
31 33 2
31 37 -2
31 41 -2
31 46 -2
31 50 -2
31 51 -2
31 54 2
31 57 2
31 61 2
32 33 2
32 35 2
32 37 -2
32 39 2
32 41 -2
32 44 2
32 46 -2
32 50 2
32 64 -2
32 66 2
32 68 2
32 71 2
33 36 2
33 37 -2
33 40 2
33 41 -2
33 45 2
33 46 -2
34 35 2
34 36 2
34 37 2
34 42 -2
34 47 -2
34 52 -2
34 53 -2
34 54 -2
34 58 2
34 62 2
35 36 2
35 37 2
35 39 2
35 42 -2
35 44 2
35 47 -2
35 52 2
35 65 -2
35 66 -2
35 69 2
35 72 2
36 37 2
36 40 2
36 42 -2
36 45 2
36 47 -2
36 53 2
36 65 2
36 74 -2
36 76 2
36 78 2
37 41 2
37 42 -2
37 46 2
37 47 -2
38 39 2
38 40 2
38 41 2
38 42 2
38 48 -2
38 55 -2
38 56 -2
38 57 -2
38 58 -2
38 63 2
39 40 2
39 41 2
39 42 2
39 44 2
39 48 -2
39 55 2
39 67 -2
39 68 -2
39 69 -2
39 73 2
40 41 2
40 42 2
40 45 2
40 48 -2
40 56 2
40 67 2
40 75 -2
40 76 -2
40 79 2
41 42 2
41 46 2
41 48 -2
41 57 2
41 68 2
41 75 2
41 80 -2
41 82 2
42 47 2
42 48 -2
43 44 2
43 45 2
43 46 2
43 47 2
43 48 2
43 59 -2
43 60 -2
43 61 -2
43 62 -2
43 63 -2
44 45 2
44 46 2
44 47 2
44 48 2
44 59 2
44 70 -2
44 71 -2
44 72 -2
44 73 -2
45 46 2
45 47 2
45 48 2
45 60 2
45 70 2
45 77 -2
45 78 -2
45 79 -2
46 47 2
46 48 2
46 61 2
46 71 2
46 77 2
46 81 -2
46 82 -2
47 48 2
47 62 2
47 72 2
47 78 2
47 81 2
47 83 -2
49 51 -2
49 53 -2
49 56 -2
49 60 -2
50 51 2
50 54 -2
50 57 -2
50 61 -2
50 64 -2
50 66 2
50 68 2
50 71 2
51 53 2
51 54 -2
51 56 2
51 57 -2
51 60 2
51 61 -2
52 53 2
52 54 2
52 58 -2
52 62 -2
52 65 -2
52 66 -2
52 69 2
52 72 2
53 54 2
53 56 2
53 58 -2
53 60 2
53 62 -2
53 65 2
53 74 -2
53 76 2
53 78 2
54 57 2
54 58 -2
54 61 2
54 62 -2
55 56 2
55 57 2
55 58 2
55 63 -2
55 67 -2
55 68 -2
55 69 -2
55 73 2
56 57 2
56 58 2
56 60 2
56 63 -2
56 67 2
56 75 -2
56 76 -2
56 79 2
57 58 2
57 61 2
57 63 -2
57 68 2
57 75 2
57 80 -2
57 82 2
58 62 2
58 63 -2
59 60 2
59 61 2
59 62 2
59 63 2
59 70 -2
59 71 -2
59 72 -2
59 73 -2
60 61 2
60 62 2
60 63 2
60 70 2
60 77 -2
60 78 -2
60 79 -2
61 62 2
61 63 2
61 71 2
61 77 2
61 81 -2
61 82 -2
62 63 2
62 72 2
62 78 2
62 81 2
62 83 -2
64 66 -2
64 68 -2
64 71 -2
65 66 2
65 69 -2
65 72 -2
65 74 -2
65 76 2
65 78 2
66 68 2
66 69 -2
66 71 2
66 72 -2
67 68 2
67 69 2
67 73 -2
67 75 -2
67 76 -2
67 79 2
68 69 2
68 71 2
68 73 -2
68 75 2
68 80 -2
68 82 2
69 72 2
69 73 -2
70 71 2
70 72 2
70 73 2
70 77 -2
70 78 -2
70 79 -2
71 72 2
71 73 2
71 77 2
71 81 -2
71 82 -2
72 73 2
72 78 2
72 81 2
72 83 -2
74 76 -2
74 78 -2
75 76 2
75 79 -2
75 80 -2
75 82 2
76 78 2
76 79 -2
77 78 2
77 79 2
77 81 -2
77 82 -2
78 79 2
78 81 2
78 83 -2
80 82 -2
81 82 2
81 83 -2
