120 1008 1 161.38691299477759 146.71537544979776
0 1.0290137991596995 0.029013799159699455
1 2.0903551546098598 0.090355154609859684
2 2.1807103092197195 0.18071030921971937
3 2.0907244181565141 0.090724418156514122
4 3.1814488363130287 0.18144883631302824
5 2.1726690539107847 0.17266905391078494
6 2.0917569837172318 0.09175698371723208
7 3.1835139674344646 0.18351396743446416
8 3.1746342593327967 0.17463425933279655
9 2.1183961080222353 0.11839610802223495
10 2.1277100434555511 0.12771004345555109
11 3.2554200869111023 0.25542008691110218
12 3.243061050447662 0.24306105044766174
13 3.1647871528458724 0.16478715284587236
14 2.1483084375612851 0.14830843756128514
15 2.1461737372985907 0.14617373729859054
16 3.292347474597181 0.29234747459718108
17 3.2782016290521563 0.27820162905215623
18 3.1886112739336658 0.18861127393366525
19 3.1697501465402986 0.16975014654029871
20 2.3583614204739636 0.35836142047396397
21 2.1667869089943972 0.16678690899439724
22 3.3335738179887948 0.33357381798879449
23 3.3174331493764337 0.31743314937643347
24 3.2152089148314804 0.21520891483148033
25 3.1936880233483325 0.19368802334833229
26 3.4088969381798129 0.40889693817981265
27 2.2259693605730542 0.22596936057305436
28 0.19208496788709967 0.19208496788709969
29 1.3841699357741994 0.38416993577419939
30 1.3655810679141576 0.36558106791415751
31 1.2478515714672254 0.24785157146722542
32 1.2230664143205028 0.22306641432050286
33 1.4709179857877284 0.47091798578772831
34 1.2602441500405865 0.26024415004058665
35 0.34699220005411568 0.34699220005411563
36 1.1644659947448086 0.16446599474480858
37 2.1652045218381173 0.16520452183811746
38 2.157210754652402 0.15721075465240208
39 2.1672696529595532 0.16726965295955334
40 3.159175960074414 0.1591759600744137
41 2.1079159051351959 0.10791590513519572
42 2.2391757724361914 0.2391757724361914
43 3.2276027511892793 0.22760275118927889
44 3.1543069499588334 0.15430694995883315
45 2.1388762549629496 0.13887625496294984
46 2.2761031601222705 0.27610316012227032
47 3.2627433297937736 0.26274332979377335
48 3.178131071046626 0.17813107104662601
49 3.1603179639419632 0.1603179639419634
50 2.3384490349885896 0.33844903498858941
51 2.3173295035138834 0.31732950351388373
52 3.3019748501180506 0.30197485011805064
53 3.204728711944441 0.20472871194444112
54 3.1842558407499975 0.18425584074999699
55 3.388984552694438 0.38898455269443816
56 2.2149651475416632 0.21496514754166315
57 2.3679256212992885 0.36792562129928857
58 3.3501227686557744 0.35012276865577457
59 3.2373713685801859 0.23737136858018615
60 3.2136342317221676 0.21363423172216756
61 3.4510056003023539 0.4510056003023537
62 3.2492399370091958 0.24923993700919547
63 2.3323199160122607 0.33231991601226063
64 1.1174492426068408 0.1174492426068408
65 2.1194144480288521 0.11941444802885241
66 2.0809589478161712 0.080958947816171134
67 2.1878412391437174 0.18784123914371759
68 3.1273499926398087 0.12734999263980856
69 2.1146149933758274 0.11461499337582769
70 2.2229818177482117 0.22298181774821205
71 3.1511741137276013 0.15117411372760139
72 3.1360567023548414 0.13605670235484127
73 2.2872308160824426 0.28723081608244266
74 2.2622133380724896 0.26221333807248937
75 3.1777717546254167 0.1777717546254165
76 3.1599945791628747 0.15999457916287485
77 3.3377663337882915 0.33776633378829135
78 2.1866603423566873 0.18666034235668733
79 2.3103612566102134 0.31036125661021335
80 3.2104144112611617 0.21041441126116159
81 3.1893729701350457 0.18937297013504542
82 3.3997873813962074 0.39978738139620701
83 3.2209351318242199 0.22093513182421967
84 2.2945801757656263 0.29458017576562623
85 1.0018088117514483 0.0018088117514482457
86 2.0481998565750854 0.048199856575085673
87 2.043379870917577 0.043379870917577106
88 2.0720239776628784 0.072023977662878519
89 3.0648215798965905 0.064821579896590667
90 2.1368455575594694 0.1368455575594692
91 2.0986216185606938 0.098621618560693611
92 3.0887594567046244 0.088759456704624248
93 3.1873810752653182 0.18738107526531786
94 2.1035526994887284 0.10355269948872831
95 2.1312642751964388 0.13126427519643868
96 3.1181378476767945 0.11813784767679479
97 3.2494021228732337 0.24940212287323349
98 3.1378274889562605 0.1378274889562606
99 2.1837699852750143 0.18376998527501415
100 1.0429510487343654 0.042951048734365511
101 2.0643927577133789 0.064392757713379087
102 2.1359402662838005 0.13594026628380029
103 2.0883306345214128 0.088330634521412682
104 3.1864757839896494 0.18647578398964901
105 2.1030524069416483 0.10305240694164812
106 2.1177090254935833 0.11770902549358324
107 3.2484968315975649 0.24849683159756458
108 3.1373271964091805 0.13732719640918045
109 2.1831029285455741 0.18310292854557392
110 1.1334088152317177 0.13340881523171752
111 2.1839443329375663 0.18394433293756621
112 2.1016534471497077 0.10165344714970766
113 2.2459653805454818 0.24596538054548189
114 3.1359282366172403 0.13592823661723999
115 2.1812376488229868 0.18123764882298665
116 1.0529428500848885 0.052942850084888353
117 2.0872176395524207 0.087217639552420678
118 2.1162901860698939 0.11629018606989423
119 1.0829364165469844 0.082936416546984235
0 2 -2
0 4 -2
0 7 -2
0 11 -2
0 16 -2
0 22 -2
0 29 -2
1 2 2
1 5 -2
1 8 -2
1 12 -2
1 17 -2
1 23 -2
1 30 -2
1 36 -2
1 38 2
1 40 2
1 43 2
1 47 2
1 52 2
1 58 2
2 4 2
2 5 -2
2 7 2
2 8 -2
2 11 2
2 12 -2
2 16 2
2 17 -2
2 22 2
2 23 -2
2 29 2
2 30 -2
3 4 2
3 5 2
3 9 -2
3 13 -2
3 18 -2
3 24 -2
3 31 -2
3 37 -2
3 38 -2
3 41 2
3 44 2
3 48 2
3 53 2
3 59 2
4 5 2
4 7 2
4 9 -2
4 11 2
4 13 -2
4 16 2
4 18 -2
4 22 2
4 24 -2
4 29 2
4 31 -2
4 37 2
4 64 -2
4 66 2
4 68 2
4 71 2
4 75 2
4 80 2
5 8 2
5 9 -2
5 12 2
5 13 -2
5 17 2
5 18 -2
5 23 2
5 24 -2
5 30 2
5 31 -2
6 7 2
6 8 2
6 9 2
6 14 -2
6 19 -2
6 25 -2
6 32 -2
6 39 -2
6 40 -2
6 41 -2
6 45 2
6 49 2
6 54 2
6 60 2
7 8 2
7 9 2
7 11 2
7 14 -2
7 16 2
7 19 -2
7 22 2
7 25 -2
7 29 2
7 32 -2
7 39 2
7 65 -2
7 66 -2
7 69 2
7 72 2
7 76 2
7 81 2
8 9 2
8 12 2
8 14 -2
8 17 2
8 19 -2
8 23 2
8 25 -2
8 30 2
8 32 -2
8 40 2
8 65 2
8 85 -2
8 87 2
8 89 2
8 92 2
8 96 2
9 13 2
9 14 -2
9 18 2
9 19 -2
9 24 2
9 25 -2
9 31 2
9 32 -2
10 11 2
10 12 2
10 13 2
10 14 2
10 20 -2
10 26 -2
10 33 -2
10 42 -2
10 43 -2
10 44 -2
10 45 -2
10 50 2
10 55 2
10 61 2
11 12 2
11 13 2
11 14 2
11 16 2
11 20 -2
11 22 2
11 26 -2
11 29 2
11 33 -2
11 42 2
11 67 -2
11 68 -2
11 69 -2
11 73 2
11 77 2
11 82 2
12 13 2
12 14 2
12 17 2
12 20 -2
12 23 2
12 26 -2
12 30 2
12 33 -2
12 43 2
12 67 2
12 86 -2
12 87 -2
12 90 2
12 93 2
12 97 2
13 14 2
13 18 2
13 20 -2
13 24 2
13 26 -2
13 31 2
13 33 -2
13 44 2
13 68 2
13 86 2
13 100 -2
13 102 2
13 104 2
13 107 2
14 19 2
14 20 -2
14 25 2
14 26 -2
14 32 2
14 33 -2
15 16 2
15 17 2
15 18 2
15 19 2
15 20 2
15 27 -2
15 34 -2
15 46 -2
15 47 -2
15 48 -2
15 49 -2
15 50 -2
15 56 2
15 62 2
16 17 2
16 18 2
16 19 2
16 20 2
16 22 2
16 27 -2
16 29 2
16 34 -2
16 46 2
16 70 -2
16 71 -2
16 72 -2
16 73 -2
16 78 2
16 83 2
17 18 2
17 19 2
17 20 2
17 23 2
17 27 -2
17 30 2
17 34 -2
17 47 2
17 70 2
17 88 -2
17 89 -2
17 90 -2
17 94 2
17 98 2
18 19 2
18 20 2
18 24 2
18 27 -2
18 31 2
18 34 -2
18 48 2
18 71 2
18 88 2
18 101 -2
18 102 -2
18 105 2
18 108 2
19 20 2
19 25 2
19 27 -2
19 32 2
19 34 -2
19 49 2
19 72 2
19 89 2
19 101 2
19 110 -2
19 112 2
19 114 2
20 26 2
20 27 -2
20 33 2
20 34 -2
21 22 2
21 23 2
21 24 2
21 25 2
21 26 2
21 27 2
21 35 -2
21 51 -2
21 52 -2
21 53 -2
21 54 -2
21 55 -2
21 56 -2
21 63 2
22 23 2
22 24 2
22 25 2
22 26 2
22 27 2
22 29 2
22 35 -2
22 51 2
22 74 -2
22 75 -2
22 76 -2
22 77 -2
22 78 -2
22 84 2
23 24 2
23 25 2
23 26 2
23 27 2
23 30 2
23 35 -2
23 52 2
23 74 2
23 91 -2
23 92 -2
23 93 -2
23 94 -2
23 99 2
24 25 2
24 26 2
24 27 2
24 31 2
24 35 -2
24 53 2
24 75 2
24 91 2
24 103 -2
24 104 -2
24 105 -2
24 109 2
25 26 2
25 27 2
25 32 2
25 35 -2
25 54 2
25 76 2
25 92 2
25 103 2
25 111 -2
25 112 -2
25 115 2
26 27 2
26 33 2
26 35 -2
26 55 2
26 77 2
26 93 2
26 104 2
26 111 2
26 116 -2
26 118 2
27 34 2
27 35 -2
28 29 2
28 30 2
28 31 2
28 32 2
28 33 2
28 34 2
28 35 2
28 57 -2
28 58 -2
28 59 -2
28 60 -2
28 61 -2
28 62 -2
28 63 -2
29 30 2
29 31 2
29 32 2
29 33 2
29 34 2
29 35 2
29 57 2
29 79 -2
29 80 -2
29 81 -2
29 82 -2
29 83 -2
29 84 -2
30 31 2
30 32 2
30 33 2
30 34 2
30 35 2
30 58 2
30 79 2
30 95 -2
30 96 -2
30 97 -2
30 98 -2
30 99 -2
31 32 2
31 33 2
31 34 2
31 35 2
31 59 2
31 80 2
31 95 2
31 106 -2
31 107 -2
31 108 -2
31 109 -2
32 33 2
32 34 2
32 35 2
32 60 2
32 81 2
32 96 2
32 106 2
32 113 -2
32 114 -2
32 115 -2
33 34 2
33 35 2
33 61 2
33 82 2
33 97 2
33 107 2
33 113 2
33 117 -2
33 118 -2
34 35 2
34 62 2
34 83 2
34 98 2
34 108 2
34 114 2
34 117 2
34 119 -2
36 38 -2
36 40 -2
36 43 -2
36 47 -2
36 52 -2
36 58 -2
37 38 2
37 41 -2
37 44 -2
37 48 -2
37 53 -2
37 59 -2
37 64 -2
37 66 2
37 68 2
37 71 2
37 75 2
37 80 2
38 40 2
38 41 -2
38 43 2
38 44 -2
38 47 2
38 48 -2
38 52 2
38 53 -2
38 58 2
38 59 -2
39 40 2
39 41 2
39 45 -2
39 49 -2
39 54 -2
39 60 -2
39 65 -2
39 66 -2
39 69 2
39 72 2
39 76 2
39 81 2
40 41 2
40 43 2
40 45 -2
40 47 2
40 49 -2
40 52 2
40 54 -2
40 58 2
40 60 -2
40 65 2
40 85 -2
40 87 2
40 89 2
40 92 2
40 96 2
41 44 2
41 45 -2
41 48 2
41 49 -2
41 53 2
41 54 -2
41 59 2
41 60 -2
42 43 2
42 44 2
42 45 2
42 50 -2
42 55 -2
42 61 -2
42 67 -2
42 68 -2
42 69 -2
42 73 2
42 77 2
42 82 2
43 44 2
43 45 2
43 47 2
43 50 -2
43 52 2
43 55 -2
43 58 2
43 61 -2
43 67 2
43 86 -2
43 87 -2
43 90 2
43 93 2
43 97 2
44 45 2
44 48 2
44 50 -2
44 53 2
44 55 -2
44 59 2
44 61 -2
44 68 2
44 86 2
44 100 -2
44 102 2
44 104 2
44 107 2
45 49 2
45 50 -2
45 54 2
45 55 -2
45 60 2
45 61 -2
46 47 2
46 48 2
46 49 2
46 50 2
46 56 -2
46 62 -2
46 70 -2
46 71 -2
46 72 -2
46 73 -2
46 78 2
46 83 2
47 48 2
47 49 2
47 50 2
47 52 2
47 56 -2
47 58 2
47 62 -2
47 70 2
47 88 -2
47 89 -2
47 90 -2
47 94 2
47 98 2
48 49 2
48 50 2
48 53 2
48 56 -2
48 59 2
48 62 -2
48 71 2
48 88 2
48 101 -2
48 102 -2
48 105 2
48 108 2
49 50 2
49 54 2
49 56 -2
49 60 2
49 62 -2
49 72 2
49 89 2
49 101 2
49 110 -2
49 112 2
49 114 2
50 55 2
50 56 -2
50 61 2
50 62 -2
51 52 2
51 53 2
51 54 2
51 55 2
51 56 2
51 63 -2
51 74 -2
51 75 -2
51 76 -2
51 77 -2
51 78 -2
51 84 2
52 53 2
52 54 2
52 55 2
52 56 2
52 58 2
52 63 -2
52 74 2
52 91 -2
52 92 -2
52 93 -2
52 94 -2
52 99 2
53 54 2
53 55 2
53 56 2
53 59 2
53 63 -2
53 75 2
53 91 2
53 103 -2
53 104 -2
53 105 -2
53 109 2
54 55 2
54 56 2
54 60 2
54 63 -2
54 76 2
54 92 2
54 103 2
54 111 -2
54 112 -2
54 115 2
55 56 2
55 61 2
55 63 -2
55 77 2
55 93 2
55 104 2
55 111 2
55 116 -2
55 118 2
56 62 2
56 63 -2
57 58 2
57 59 2
57 60 2
57 61 2
57 62 2
57 63 2
57 79 -2
57 80 -2
57 81 -2
57 82 -2
57 83 -2
57 84 -2
58 59 2
58 60 2
58 61 2
58 62 2
58 63 2
58 79 2
58 95 -2
58 96 -2
58 97 -2
58 98 -2
58 99 -2
59 60 2
59 61 2
59 62 2
59 63 2
59 80 2
59 95 2
59 106 -2
59 107 -2
59 108 -2
59 109 -2
60 61 2
60 62 2
60 63 2
60 81 2
60 96 2
60 106 2
60 113 -2
60 114 -2
60 115 -2
61 62 2
61 63 2
61 82 2
61 97 2
61 107 2
61 113 2
61 117 -2
61 118 -2
62 63 2
62 83 2
62 98 2
62 108 2
62 114 2
62 117 2
62 119 -2
64 66 -2
64 68 -2
64 71 -2
64 75 -2
64 80 -2
65 66 2
65 69 -2
65 72 -2
65 76 -2
65 81 -2
65 85 -2
65 87 2
65 89 2
65 92 2
65 96 2
66 68 2
66 69 -2
66 71 2
66 72 -2
66 75 2
66 76 -2
66 80 2
66 81 -2
67 68 2
67 69 2
67 73 -2
67 77 -2
67 82 -2
67 86 -2
67 87 -2
67 90 2
67 93 2
67 97 2
68 69 2
68 71 2
68 73 -2
68 75 2
68 77 -2
68 80 2
68 82 -2
68 86 2
68 100 -2
68 102 2
68 104 2
68 107 2
69 72 2
69 73 -2
69 76 2
69 77 -2
69 81 2
69 82 -2
70 71 2
70 72 2
70 73 2
70 78 -2
70 83 -2
70 88 -2
70 89 -2
70 90 -2
70 94 2
70 98 2
71 72 2
71 73 2
71 75 2
71 78 -2
71 80 2
71 83 -2
71 88 2
71 101 -2
71 102 -2
71 105 2
71 108 2
72 73 2
72 76 2
72 78 -2
72 81 2
72 83 -2
72 89 2
72 101 2
72 110 -2
72 112 2
72 114 2
73 77 2
73 78 -2
73 82 2
73 83 -2
74 75 2
74 76 2
74 77 2
74 78 2
74 84 -2
74 91 -2
74 92 -2
74 93 -2
74 94 -2
74 99 2
75 76 2
75 77 2
75 78 2
75 80 2
75 84 -2
75 91 2
75 103 -2
75 104 -2
75 105 -2
75 109 2
76 77 2
76 78 2
76 81 2
76 84 -2
76 92 2
76 103 2
76 111 -2
76 112 -2
76 115 2
77 78 2
77 82 2
77 84 -2
77 93 2
77 104 2
77 111 2
77 116 -2
77 118 2
78 83 2
78 84 -2
79 80 2
79 81 2
79 82 2
79 83 2
79 84 2
79 95 -2
79 96 -2
79 97 -2
79 98 -2
79 99 -2
80 81 2
80 82 2
80 83 2
80 84 2
80 95 2
80 106 -2
80 107 -2
80 108 -2
80 109 -2
81 82 2
81 83 2
81 84 2
81 96 2
81 106 2
81 113 -2
81 114 -2
81 115 -2
82 83 2
82 84 2
82 97 2
82 107 2
82 113 2
82 117 -2
82 118 -2
83 84 2
83 98 2
83 108 2
83 114 2
83 117 2
83 119 -2
85 87 -2
85 89 -2
85 92 -2
85 96 -2
86 87 2
86 90 -2
86 93 -2
86 97 -2
86 100 -2
86 102 2
86 104 2
86 107 2
87 89 2
87 90 -2
87 92 2
87 93 -2
87 96 2
87 97 -2
88 89 2
88 90 2
88 94 -2
88 98 -2
88 101 -2
88 102 -2
88 105 2
88 108 2
89 90 2
89 92 2
89 94 -2
89 96 2
89 98 -2
89 101 2
89 110 -2
89 112 2
89 114 2
90 93 2
90 94 -2
90 97 2
90 98 -2
91 92 2
91 93 2
91 94 2
91 99 -2
91 103 -2
91 104 -2
91 105 -2
91 109 2
92 93 2
92 94 2
92 96 2
92 99 -2
92 103 2
92 111 -2
92 112 -2
92 115 2
93 94 2
93 97 2
93 99 -2
93 104 2
93 111 2
93 116 -2
93 118 2
94 98 2
94 99 -2
95 96 2
95 97 2
95 98 2
95 99 2
95 106 -2
95 107 -2
95 108 -2
95 109 -2
96 97 2
96 98 2
96 99 2
96 106 2
96 113 -2
96 114 -2
96 115 -2
97 98 2
97 99 2
97 107 2
97 113 2
97 117 -2
97 118 -2
98 99 2
98 108 2
98 114 2
98 117 2
98 119 -2
100 102 -2
100 104 -2
100 107 -2
101 102 2
101 105 -2
101 108 -2
101 110 -2
101 112 2
101 114 2
102 104 2
102 105 -2
102 107 2
102 108 -2
103 104 2
103 105 2
103 109 -2
103 111 -2
103 112 -2
103 115 2
104 105 2
104 107 2
104 109 -2
104 111 2
104 116 -2
104 118 2
105 108 2
105 109 -2
106 107 2
106 108 2
106 109 2
106 113 -2
106 114 -2
106 115 -2
107 108 2
107 109 2
107 113 2
107 117 -2
107 118 -2
108 109 2
108 114 2
108 117 2
108 119 -2
110 112 -2
110 114 -2
111 112 2
111 115 -2
111 116 -2
111 118 2
112 114 2
112 115 -2
113 114 2
113 115 2
113 117 -2
113 118 -2
114 115 2
114 117 2
114 119 -2
116 118 -2
117 118 2
117 119 -2
