20 60 1 152.25080269486043 138.40982063169128
0 1.0689178188284472 0.068917818828447289
1 2.2397090573675391 0.2397090573675392
2 2.3326574673671976 0.3326574673671972
3 2.3162872027665866 0.31628720276658689
4 3.4389291793495493 0.43892917934954917
5 2.413109815858399 0.41310981585839923
6 0.32183738366362064 0.32183738366362064
7 1.4466314712066572 0.44663147120665719
8 1.4203590317239128 0.42035903172391265
9 0.34154171327567906 0.34154171327567906
10 1.2861378842301365 0.28613788423013647
11 2.3924095962124881 0.39240959621248844
12 2.3693266787882243 0.36932667878822439
13 2.4001118880695964 0.40011188806959641
14 3.3765758946537381 0.37657589465373781
15 2.3059679144061618 0.30596791440616194
16 1.3230947055518558 0.32309470555185588
17 2.3303439214173691 0.33034392141736929
18 2.2684044361516125 0.26840443615161252
19 1.0871565911713517 0.087156591171351744
0 2 -2
0 4 -2
0 7 -2
1 2 2
1 5 -2
1 8 -2
1 10 -2
1 12 2
1 14 2
2 4 2
2 5 -2
2 7 2
2 8 -2
3 4 2
3 5 2
3 9 -2
3 11 -2
3 12 -2
3 15 2
4 5 2
4 7 2
4 9 -2
4 11 2
4 16 -2
4 18 2
5 8 2
5 9 -2
6 7 2
6 8 2
6 9 2
6 13 -2
6 14 -2
6 15 -2
7 8 2
7 9 2
7 13 2
7 17 -2
7 18 -2
8 9 2
8 14 2
8 17 2
8 19 -2
10 12 -2
10 14 -2
11 12 2
11 15 -2
11 16 -2
11 18 2
12 14 2
12 15 -2
13 14 2
13 15 2
13 17 -2
13 18 -2
14 15 2
14 17 2
14 19 -2
16 18 -2
17 18 2
17 19 -2
