20 60 1 55.312192424476684 50.19674819372689
0 1.2119289315426967 0.21192893154269674
1 2.2219208042666048 0.22192080426660479
2 2.570653496685555 0.57065349668555509
3 2.2507030079287462 0.25070300792874628
4 3.6446648775310617 0.64466487753106194
5 3.0565341048425738 1.0565341048425736
6 0.25310875209142397 0.25310875209142386
7 1.6508510768065185 0.65085107680651855
8 2.0666725980995722 1.0666725980995722
9 0.21695035893550627 0.21695035893550621
10 1.3755085207161839 0.37550852071618385
11 2.4495199015616906 0.44951990156169058
12 2.7367131720038813 0.73671317200388176
13 2.4557061008371472 0.45570610083714724
14 3.7468516652608796 0.74685166526088009
15 2.1519020336123824 0.15190203361238241
16 1.1634050361983517 0.16340503619835173
17 2.1735435294553502 0.17354352945535009
18 2.035296989041766 0.035296989041766119
19 1.0267325267069878 0.026732526706987787
0 2 -2
0 4 -2
0 7 -2
1 2 2
1 5 -2
1 8 -2
1 10 -2
1 12 2
1 14 2
2 4 2
2 5 -2
2 7 2
2 8 -2
3 4 2
3 5 2
3 9 -2
3 11 -2
3 12 -2
3 15 2
4 5 2
4 7 2
4 9 -2
4 11 2
4 16 -2
4 18 2
5 8 2
5 9 -2
6 7 2
6 8 2
6 9 2
6 13 -2
6 14 -2
6 15 -2
7 8 2
7 9 2
7 13 2
7 17 -2
7 18 -2
8 9 2
8 14 2
8 17 2
8 19 -2
10 12 -2
10 14 -2
11 12 2
11 15 -2
11 16 -2
11 18 2
12 14 2
12 15 -2
13 14 2
13 15 2
13 17 -2
13 18 -2
14 15 2
14 17 2
14 19 -2
16 18 -2
17 18 2
17 19 -2
