10 18 1 86.32720297725119 78.479275433864714
0 1.1902667894114682 0.1902667894114683
1 2.4302177654651871 0.4302177654651872
2 2.2516368062154868 0.25163680621548684
3 0.61394320877008468 0.61394320877008468
4 1.3590988579598609 0.35909885795986085
5 0.52127253574818522 0.52127253574818511
6 1.1591638736175676 0.15916387361756762
7 2.2666259253619416 0.26662592536194157
8 2.3870376335899151 0.38703763358991522
9 1.3597252617195799 0.35972526171957991
0 2 -2
0 4 -2
1 2 2
1 5 -2
1 6 -2
1 8 2
2 4 2
2 5 -2
3 4 2
3 5 2
3 7 -2
3 8 -2
4 5 2
4 7 2
4 9 -2
6 8 -2
7 8 2
7 9 -2
