20 60 1 104.51264941079026 95.011499464354785
0 1.1114104048077846 0.1114104048077845
1 2.2587840296216992 0.25878402962169916
2 2.2359501446550785 0.23595014465507863
3 2.3043134025095799 0.30431340250957967
4 3.277462219935205 0.27746221993520498
5 2.6265275934020762 0.62652759340207587
6 0.325319472730635 0.325319472730635
7 1.2966148133720496 0.29661481337204959
8 1.6697753850336603 0.6697753850336603
9 0.29661481337204959 0.29661481337204959
10 1.175749382445072 0.17574938244507193
11 2.2172614577251983 0.21726145772519831
12 2.490590388411738 0.49059038841173813
13 2.2364140511620429 0.23641405116204289
14 3.5338381800433223 0.53383818004332273
15 2.2364140511620429 0.23641405116204289
16 1.3971532305625196 0.39715323056251944
17 2.4404010221941039 0.44040102219410404
18 2.195034738400246 0.19503473840024607
19 1.060664668716971 0.060664668716970946
0 2 -2
0 4 -2
0 7 -2
1 2 2
1 5 -2
1 8 -2
1 10 -2
1 12 2
1 14 2
2 4 2
2 5 -2
2 7 2
2 8 -2
3 4 2
3 5 2
3 9 -2
3 11 -2
3 12 -2
3 15 2
4 5 2
4 7 2
4 9 -2
4 11 2
4 16 -2
4 18 2
5 8 2
5 9 -2
6 7 2
6 8 2
6 9 2
6 13 -2
6 14 -2
6 15 -2
7 8 2
7 9 2
7 13 2
7 17 -2
7 18 -2
8 9 2
8 14 2
8 17 2
8 19 -2
10 12 -2
10 14 -2
11 12 2
11 15 -2
11 16 -2
11 18 2
12 14 2
12 15 -2
13 14 2
13 15 2
13 17 -2
13 18 -2
14 15 2
14 17 2
14 19 -2
16 18 -2
17 18 2
17 19 -2
