165 1620 1 184.29247011049941 140.02371491855419
0 1.0448465975928338 0.04484659759283386
1 2.0543626750516299 0.054362675051629963
2 2.0785238639634653 0.078523863963465501
3 2.0564388809754113 0.056438880975411193
4 3.081522828075594 0.081522828075593953
5 2.1128777619508226 0.11287776195082239
6 2.0843177072193293 0.08431770721932956
7 3.1217922437612535 0.12179224376125382
8 3.168635414438659 0.16863541443865912
9 2.1569246217693081 0.1569246217693078
10 2.1150739724581884 0.11507397245818826
11 3.166217960217383 0.16621796021738305
12 3.2301479449163768 0.23014794491637652
13 3.2141654487416282 0.21416544874162813
14 2.2397374426212253 0.23973744262122554
15 2.1601591049848476 0.16015910498484767
16 3.2313409294225579 0.23134092942255777
17 3.3203182099696948 0.32031820996969534
18 3.2980738898329109 0.29807388983291094
19 3.3336648020517661 0.33366480205176602
20 2.1379147848480633 0.13791478484806327
21 2.1851502913383953 0.18515029133839539
22 3.2674393097110155 0.26743930971101554
23 3.3703005826767902 0.37030058267679078
24 3.3445852644353469 0.34458526443534698
25 3.3857297736216569 0.38572977362165706
26 3.1594349730969511 0.15943497309695157
27 2.2211517368764166 0.2211517368764167
28 2.1898890179104149 0.18988901791041479
29 3.2742841369817102 0.27428413698171022
30 3.3797780358208294 0.37977803582082958
31 3.3534045611110495 0.35340456111104979
32 3.3956021206466969 0.39560212064669747
33 3.163515543200635 0.16351554320063497
34 3.2268118825041063 0.22681188250410655
35 2.337580476285182 0.33758047628518184
36 0.19534167607832734 0.19534167607832734
37 1.2821601987798061 0.28216019877980619
38 1.3906833521566546 0.39068335215665467
39 1.3635525638124426 0.36355256381244255
40 1.4069618251631819 0.40696182516318197
41 1.1682108877341153 0.16821088773411522
42 1.2333247797602243 0.23332477976022434
43 1.3472740908059153 0.34727409080591526
44 0.2278986220913819 0.2278986220913819
45 1.0262087494652306 0.026208749465230535
46 2.029207713577359 0.02920771357735898
47 2.0404414495686507 0.040441449568650895
48 2.069477129263019 0.069477129263018841
49 3.0961991020564872 0.096199102056487615
50 2.0895186088581204 0.089518608858120421
51 2.113902845719148 0.11390284571914809
52 3.1577116325342049 0.15771163253420506
53 3.1467594358304409 0.14675943583044079
54 2.1642829505564634 0.16428295055646358
55 2.1790258149243229 0.17902581492432282
56 3.2478818975875239 0.24788189758752388
57 3.2306678769217236 0.23066787692172364
58 3.2582103099870041 0.25821030998700406
59 2.1067269281279617 0.10672692812796167
60 2.2151241952127805 0.21512419521278059
61 3.2978642702946193 0.29786427029461926
62 3.27717925152416 0.27717925152415962
63 3.310275281556895 0.3102752815568951
64 3.1282471163768495 0.12824711637684996
65 2.1778911614259528 0.17789116142595318
66 2.2219690224834752 0.2219690224834753
67 3.307341723438658 0.30734172343865807
68 3.2859985481998626 0.28599854819986242
69 3.3201476285819354 0.32014762858193552
70 3.1323276864805334 0.13232768648053334
71 3.1835513070536425 0.183551307053643
72 2.2731926430565847 0.27319264305658497
73 2.2298450842815711 0.22984508428157119
74 3.3182470397744832 0.31824703977448321
75 3.2961465509012551 0.29614655090125519
76 3.3315073330984202 0.33150733309842001
77 3.1370230310140137 0.13702303101401361
78 3.1900642043097611 0.19006420430976079
79 3.2828862575773181 0.28288625757731845
80 2.1856441065351149 0.18564410653511521
81 1.0231845667651547 0.023184566765154662
82 2.0789422192529914 0.078942219252991386
83 2.0734601206937557 0.073460120693755876
84 2.1404547497307087 0.14045474973070879
85 3.1307009476660763 0.13070094766607623
86 2.1463070309694885 0.14630703096948833
87 2.2306250147840276 0.23062501478402764
88 3.2146093887573586 0.21460938875735908
89 3.2402343904000284 0.24023439040002878
90 2.0992968813653454 0.09929688136534523
91 2.280607387491123 0.28060738749112302
92 3.2611207633597949 0.26112076335979506
93 3.2922993619699201 0.29229936196991979
94 3.1208170696142332 0.12081706961423352
95 2.1675849675294208 0.1675849675294207
96 2.2900848406351622 0.29008484063516188
97 3.269940060035498 0.26994006003549781
98 3.30217170899496 0.30217170899496026
99 3.1248976397179171 0.12489763971791691
100 3.1732451131571104 0.17324511315711055
101 2.2578531916756992 0.25785319167569942
102 2.300990156970987 0.30099015697098697
103 3.2800880627368905 0.28008806273689069
104 3.3135314135114444 0.31353141351144476
105 3.129592984251397 0.12959298425139718
106 3.1797580104132281 0.17975801041322834
107 3.267546806196433 0.26754680619643284
108 2.1755775915664093 0.17557759156640909
109 1.0557496432009965 0.055749643200996464
110 2.1129904701733166 0.11299047017331684
111 2.1264818695969963 0.12648186959699645
112 2.1968989112645998 0.19689891126459969
113 3.2204092290275366 0.22040922902753698
114 2.0911024813313821 0.091102481331381949
115 2.2434102858670357 0.2434102858670357
116 3.2724742005974283 0.272474200597428
117 3.1126226695802703 0.11262266958027024
118 2.1562185416758588 0.15621854167585872
119 2.2522295825427383 0.25222958254273847
120 3.2823465476224682 0.28234654762246841
121 3.1167032396839534 0.11670323968395362
122 3.1618786873035489 0.16187868730354857
123 2.2409357206378395 0.24093572063783975
124 2.2623775852441312 0.2623775852441313
125 3.2937062521389526 0.29370625213895296
126 3.1213985842174341 0.12139858421743389
127 3.1683915845596662 0.16839158455966635
128 3.2506293351585729 0.25062933515857316
129 2.1644755011978138 0.16447550119781365
130 1.1221564405891189 0.1221564405891189
131 2.2160838000196597 0.21608380001965941
132 2.0893146373414595 0.089314637341459224
133 2.2681487715895505 0.26814877158955047
134 3.1108348255903477 0.11083482559034752
135 2.1537386290446756 0.15373862904467558
136 2.2780211186145913 0.27802111861459089
137 3.1149153956940312 0.11491539569403089
138 3.1593987746723653 0.15939877467236543
139 2.2372446878844507 0.23724468788445088
140 2.2893808231310757 0.28938082313107538
141 3.1196107402275111 0.11961074022751116
142 3.165911671928483 0.16591167192848322
143 3.2469383024051846 0.24693830240518433
144 2.1620532609534022 0.16205326095340222
145 1.0653078702980849 0.065307870298085061
146 2.0868280585469732 0.086828058546973369
147 2.1204389199199949 0.12043891991999531
148 2.0909086286506566 0.090908628650656742
149 3.126099065547685 0.12609906554768516
150 2.187682330117485 0.18768233011748489
151 2.0956039731841369 0.095603973184137006
152 3.1326119628038032 0.13261196280380294
153 3.1973759446382179 0.19737594463821834
154 2.1295279636688309 0.12952796366883076
155 1.0837022697735808 0.083702269773580751
156 2.0893624154012707 0.089362415401270587
157 2.1330045252484031 0.13300452524840276
158 2.0958753126573884 0.095875312657388384
159 3.142698139769136 0.1426981397691362
160 2.0936456542234958 0.09364565422349562
161 1.0528531785343416 0.05285317853434153
162 2.0625467930550752 0.06254679305507499
163 2.0410463329423933 0.04104633294239296
164 1.011889948863254 0.011889948863253974
0 2 -2
0 4 -2
0 7 -2
0 11 -2
0 16 -2
0 22 -2
0 29 -2
0 37 -2
1 2 2
1 5 -2
1 8 -2
1 12 -2
1 17 -2
1 23 -2
1 30 -2
1 38 -2
1 45 -2
1 47 2
1 49 2
1 52 2
1 56 2
1 61 2
1 67 2
1 74 2
2 4 2
2 5 -2
2 7 2
2 8 -2
2 11 2
2 12 -2
2 16 2
2 17 -2
2 22 2
2 23 -2
2 29 2
2 30 -2
2 37 2
2 38 -2
3 4 2
3 5 2
3 9 -2
3 13 -2
3 18 -2
3 24 -2
3 31 -2
3 39 -2
3 46 -2
3 47 -2
3 50 2
3 53 2
3 57 2
3 62 2
3 68 2
3 75 2
4 5 2
4 7 2
4 9 -2
4 11 2
4 13 -2
4 16 2
4 18 -2
4 22 2
4 24 -2
4 29 2
4 31 -2
4 37 2
4 39 -2
4 46 2
4 81 -2
4 83 2
4 85 2
4 88 2
4 92 2
4 97 2
4 103 2
5 8 2
5 9 -2
5 12 2
5 13 -2
5 17 2
5 18 -2
5 23 2
5 24 -2
5 30 2
5 31 -2
5 38 2
5 39 -2
6 7 2
6 8 2
6 9 2
6 14 -2
6 19 -2
6 25 -2
6 32 -2
6 40 -2
6 48 -2
6 49 -2
6 50 -2
6 54 2
6 58 2
6 63 2
6 69 2
6 76 2
7 8 2
7 9 2
7 11 2
7 14 -2
7 16 2
7 19 -2
7 22 2
7 25 -2
7 29 2
7 32 -2
7 37 2
7 40 -2
7 48 2
7 82 -2
7 83 -2
7 86 2
7 89 2
7 93 2
7 98 2
7 104 2
8 9 2
8 12 2
8 14 -2
8 17 2
8 19 -2
8 23 2
8 25 -2
8 30 2
8 32 -2
8 38 2
8 40 -2
8 49 2
8 82 2
8 109 -2
8 111 2
8 113 2
8 116 2
8 120 2
8 125 2
9 13 2
9 14 -2
9 18 2
9 19 -2
9 24 2
9 25 -2
9 31 2
9 32 -2
9 39 2
9 40 -2
10 11 2
10 12 2
10 13 2
10 14 2
10 20 -2
10 26 -2
10 33 -2
10 41 -2
10 51 -2
10 52 -2
10 53 -2
10 54 -2
10 59 2
10 64 2
10 70 2
10 77 2
11 12 2
11 13 2
11 14 2
11 16 2
11 20 -2
11 22 2
11 26 -2
11 29 2
11 33 -2
11 37 2
11 41 -2
11 51 2
11 84 -2
11 85 -2
11 86 -2
11 90 2
11 94 2
11 99 2
11 105 2
12 13 2
12 14 2
12 17 2
12 20 -2
12 23 2
12 26 -2
12 30 2
12 33 -2
12 38 2
12 41 -2
12 52 2
12 84 2
12 110 -2
12 111 -2
12 114 2
12 117 2
12 121 2
12 126 2
13 14 2
13 18 2
13 20 -2
13 24 2
13 26 -2
13 31 2
13 33 -2
13 39 2
13 41 -2
13 53 2
13 85 2
13 110 2
13 130 -2
13 132 2
13 134 2
13 137 2
13 141 2
14 19 2
14 20 -2
14 25 2
14 26 -2
14 32 2
14 33 -2
14 40 2
14 41 -2
15 16 2
15 17 2
15 18 2
15 19 2
15 20 2
15 27 -2
15 34 -2
15 42 -2
15 55 -2
15 56 -2
15 57 -2
15 58 -2
15 59 -2
15 65 2
15 71 2
15 78 2
16 17 2
16 18 2
16 19 2
16 20 2
16 22 2
16 27 -2
16 29 2
16 34 -2
16 37 2
16 42 -2
16 55 2
16 87 -2
16 88 -2
16 89 -2
16 90 -2
16 95 2
16 100 2
16 106 2
17 18 2
17 19 2
17 20 2
17 23 2
17 27 -2
17 30 2
17 34 -2
17 38 2
17 42 -2
17 56 2
17 87 2
17 112 -2
17 113 -2
17 114 -2
17 118 2
17 122 2
17 127 2
18 19 2
18 20 2
18 24 2
18 27 -2
18 31 2
18 34 -2
18 39 2
18 42 -2
18 57 2
18 88 2
18 112 2
18 131 -2
18 132 -2
18 135 2
18 138 2
18 142 2
19 20 2
19 25 2
19 27 -2
19 32 2
19 34 -2
19 40 2
19 42 -2
19 58 2
19 89 2
19 113 2
19 131 2
19 145 -2
19 147 2
19 149 2
19 152 2
20 26 2
20 27 -2
20 33 2
20 34 -2
20 41 2
20 42 -2
21 22 2
21 23 2
21 24 2
21 25 2
21 26 2
21 27 2
21 35 -2
21 43 -2
21 60 -2
21 61 -2
21 62 -2
21 63 -2
21 64 -2
21 65 -2
21 72 2
21 79 2
22 23 2
22 24 2
22 25 2
22 26 2
22 27 2
22 29 2
22 35 -2
22 37 2
22 43 -2
22 60 2
22 91 -2
22 92 -2
22 93 -2
22 94 -2
22 95 -2
22 101 2
22 107 2
23 24 2
23 25 2
23 26 2
23 27 2
23 30 2
23 35 -2
23 38 2
23 43 -2
23 61 2
23 91 2
23 115 -2
23 116 -2
23 117 -2
23 118 -2
23 123 2
23 128 2
24 25 2
24 26 2
24 27 2
24 31 2
24 35 -2
24 39 2
24 43 -2
24 62 2
24 92 2
24 115 2
24 133 -2
24 134 -2
24 135 -2
24 139 2
24 143 2
25 26 2
25 27 2
25 32 2
25 35 -2
25 40 2
25 43 -2
25 63 2
25 93 2
25 116 2
25 133 2
25 146 -2
25 147 -2
25 150 2
25 153 2
26 27 2
26 33 2
26 35 -2
26 41 2
26 43 -2
26 64 2
26 94 2
26 117 2
26 134 2
26 146 2
26 155 -2
26 157 2
26 159 2
27 34 2
27 35 -2
27 42 2
27 43 -2
28 29 2
28 30 2
28 31 2
28 32 2
28 33 2
28 34 2
28 35 2
28 44 -2
28 66 -2
28 67 -2
28 68 -2
28 69 -2
28 70 -2
28 71 -2
28 72 -2
28 80 2
29 30 2
29 31 2
29 32 2
29 33 2
29 34 2
29 35 2
29 37 2
29 44 -2
29 66 2
29 96 -2
29 97 -2
29 98 -2
29 99 -2
29 100 -2
29 101 -2
29 108 2
30 31 2
30 32 2
30 33 2
30 34 2
30 35 2
30 38 2
30 44 -2
30 67 2
30 96 2
30 119 -2
30 120 -2
30 121 -2
30 122 -2
30 123 -2
30 129 2
31 32 2
31 33 2
31 34 2
31 35 2
31 39 2
31 44 -2
31 68 2
31 97 2
31 119 2
31 136 -2
31 137 -2
31 138 -2
31 139 -2
31 144 2
32 33 2
32 34 2
32 35 2
32 40 2
32 44 -2
32 69 2
32 98 2
32 120 2
32 136 2
32 148 -2
32 149 -2
32 150 -2
32 154 2
33 34 2
33 35 2
33 41 2
33 44 -2
33 70 2
33 99 2
33 121 2
33 137 2
33 148 2
33 156 -2
33 157 -2
33 160 2
34 35 2
34 42 2
34 44 -2
34 71 2
34 100 2
34 122 2
34 138 2
34 149 2
34 156 2
34 161 -2
34 163 2
35 43 2
35 44 -2
36 37 2
36 38 2
36 39 2
36 40 2
36 41 2
36 42 2
36 43 2
36 44 2
36 73 -2
36 74 -2
36 75 -2
36 76 -2
36 77 -2
36 78 -2
36 79 -2
36 80 -2
37 38 2
37 39 2
37 40 2
37 41 2
37 42 2
37 43 2
37 44 2
37 73 2
37 102 -2
37 103 -2
37 104 -2
37 105 -2
37 106 -2
37 107 -2
37 108 -2
38 39 2
38 40 2
38 41 2
38 42 2
38 43 2
38 44 2
38 74 2
38 102 2
38 124 -2
38 125 -2
38 126 -2
38 127 -2
38 128 -2
38 129 -2
39 40 2
39 41 2
39 42 2
39 43 2
39 44 2
39 75 2
39 103 2
39 124 2
39 140 -2
39 141 -2
39 142 -2
39 143 -2
39 144 -2
40 41 2
40 42 2
40 43 2
40 44 2
40 76 2
40 104 2
40 125 2
40 140 2
40 151 -2
40 152 -2
40 153 -2
40 154 -2
41 42 2
41 43 2
41 44 2
41 77 2
41 105 2
41 126 2
41 141 2
41 151 2
41 158 -2
41 159 -2
41 160 -2
42 43 2
42 44 2
42 78 2
42 106 2
42 127 2
42 142 2
42 152 2
42 158 2
42 162 -2
42 163 -2
43 44 2
43 79 2
43 107 2
43 128 2
43 143 2
43 153 2
43 159 2
43 162 2
43 164 -2
45 47 -2
45 49 -2
45 52 -2
45 56 -2
45 61 -2
45 67 -2
45 74 -2
46 47 2
46 50 -2
46 53 -2
46 57 -2
46 62 -2
46 68 -2
46 75 -2
46 81 -2
46 83 2
46 85 2
46 88 2
46 92 2
46 97 2
46 103 2
47 49 2
47 50 -2
47 52 2
47 53 -2
47 56 2
47 57 -2
47 61 2
47 62 -2
47 67 2
47 68 -2
47 74 2
47 75 -2
48 49 2
48 50 2
48 54 -2
48 58 -2
48 63 -2
48 69 -2
48 76 -2
48 82 -2
48 83 -2
48 86 2
48 89 2
48 93 2
48 98 2
48 104 2
49 50 2
49 52 2
49 54 -2
49 56 2
49 58 -2
49 61 2
49 63 -2
49 67 2
49 69 -2
49 74 2
49 76 -2
49 82 2
49 109 -2
49 111 2
49 113 2
49 116 2
49 120 2
49 125 2
50 53 2
50 54 -2
50 57 2
50 58 -2
50 62 2
50 63 -2
50 68 2
50 69 -2
50 75 2
50 76 -2
51 52 2
51 53 2
51 54 2
51 59 -2
51 64 -2
51 70 -2
51 77 -2
51 84 -2
51 85 -2
51 86 -2
51 90 2
51 94 2
51 99 2
51 105 2
52 53 2
52 54 2
52 56 2
52 59 -2
52 61 2
52 64 -2
52 67 2
52 70 -2
52 74 2
52 77 -2
52 84 2
52 110 -2
52 111 -2
52 114 2
52 117 2
52 121 2
52 126 2
53 54 2
53 57 2
53 59 -2
53 62 2
53 64 -2
53 68 2
53 70 -2
53 75 2
53 77 -2
53 85 2
53 110 2
53 130 -2
53 132 2
53 134 2
53 137 2
53 141 2
54 58 2
54 59 -2
54 63 2
54 64 -2
54 69 2
54 70 -2
54 76 2
54 77 -2
55 56 2
55 57 2
55 58 2
55 59 2
55 65 -2
55 71 -2
55 78 -2
55 87 -2
55 88 -2
55 89 -2
55 90 -2
55 95 2
55 100 2
55 106 2
56 57 2
56 58 2
56 59 2
56 61 2
56 65 -2
56 67 2
56 71 -2
56 74 2
56 78 -2
56 87 2
56 112 -2
56 113 -2
56 114 -2
56 118 2
56 122 2
56 127 2
57 58 2
57 59 2
57 62 2
57 65 -2
57 68 2
57 71 -2
57 75 2
57 78 -2
57 88 2
57 112 2
57 131 -2
57 132 -2
57 135 2
57 138 2
57 142 2
58 59 2
58 63 2
58 65 -2
58 69 2
58 71 -2
58 76 2
58 78 -2
58 89 2
58 113 2
58 131 2
58 145 -2
58 147 2
58 149 2
58 152 2
59 64 2
59 65 -2
59 70 2
59 71 -2
59 77 2
59 78 -2
60 61 2
60 62 2
60 63 2
60 64 2
60 65 2
60 72 -2
60 79 -2
60 91 -2
60 92 -2
60 93 -2
60 94 -2
60 95 -2
60 101 2
60 107 2
61 62 2
61 63 2
61 64 2
61 65 2
61 67 2
61 72 -2
61 74 2
61 79 -2
61 91 2
61 115 -2
61 116 -2
61 117 -2
61 118 -2
61 123 2
61 128 2
62 63 2
62 64 2
62 65 2
62 68 2
62 72 -2
62 75 2
62 79 -2
62 92 2
62 115 2
62 133 -2
62 134 -2
62 135 -2
62 139 2
62 143 2
63 64 2
63 65 2
63 69 2
63 72 -2
63 76 2
63 79 -2
63 93 2
63 116 2
63 133 2
63 146 -2
63 147 -2
63 150 2
63 153 2
64 65 2
64 70 2
64 72 -2
64 77 2
64 79 -2
64 94 2
64 117 2
64 134 2
64 146 2
64 155 -2
64 157 2
64 159 2
65 71 2
65 72 -2
65 78 2
65 79 -2
66 67 2
66 68 2
66 69 2
66 70 2
66 71 2
66 72 2
66 80 -2
66 96 -2
66 97 -2
66 98 -2
66 99 -2
66 100 -2
66 101 -2
66 108 2
67 68 2
67 69 2
67 70 2
67 71 2
67 72 2
67 74 2
67 80 -2
67 96 2
67 119 -2
67 120 -2
67 121 -2
67 122 -2
67 123 -2
67 129 2
68 69 2
68 70 2
68 71 2
68 72 2
68 75 2
68 80 -2
68 97 2
68 119 2
68 136 -2
68 137 -2
68 138 -2
68 139 -2
68 144 2
69 70 2
69 71 2
69 72 2
69 76 2
69 80 -2
69 98 2
69 120 2
69 136 2
69 148 -2
69 149 -2
69 150 -2
69 154 2
70 71 2
70 72 2
70 77 2
70 80 -2
70 99 2
70 121 2
70 137 2
70 148 2
70 156 -2
70 157 -2
70 160 2
71 72 2
71 78 2
71 80 -2
71 100 2
71 122 2
71 138 2
71 149 2
71 156 2
71 161 -2
71 163 2
72 79 2
72 80 -2
73 74 2
73 75 2
73 76 2
73 77 2
73 78 2
73 79 2
73 80 2
73 102 -2
73 103 -2
73 104 -2
73 105 -2
73 106 -2
73 107 -2
73 108 -2
74 75 2
74 76 2
74 77 2
74 78 2
74 79 2
74 80 2
74 102 2
74 124 -2
74 125 -2
74 126 -2
74 127 -2
74 128 -2
74 129 -2
75 76 2
75 77 2
75 78 2
75 79 2
75 80 2
75 103 2
75 124 2
75 140 -2
75 141 -2
75 142 -2
75 143 -2
75 144 -2
76 77 2
76 78 2
76 79 2
76 80 2
76 104 2
76 125 2
76 140 2
76 151 -2
76 152 -2
76 153 -2
76 154 -2
77 78 2
77 79 2
77 80 2
77 105 2
77 126 2
77 141 2
77 151 2
77 158 -2
77 159 -2
77 160 -2
78 79 2
78 80 2
78 106 2
78 127 2
78 142 2
78 152 2
78 158 2
78 162 -2
78 163 -2
79 80 2
79 107 2
79 128 2
79 143 2
79 153 2
79 159 2
79 162 2
79 164 -2
81 83 -2
81 85 -2
81 88 -2
81 92 -2
81 97 -2
81 103 -2
82 83 2
82 86 -2
82 89 -2
82 93 -2
82 98 -2
82 104 -2
82 109 -2
82 111 2
82 113 2
82 116 2
82 120 2
82 125 2
83 85 2
83 86 -2
83 88 2
83 89 -2
83 92 2
83 93 -2
83 97 2
83 98 -2
83 103 2
83 104 -2
84 85 2
84 86 2
84 90 -2
84 94 -2
84 99 -2
84 105 -2
84 110 -2
84 111 -2
84 114 2
84 117 2
84 121 2
84 126 2
85 86 2
85 88 2
85 90 -2
85 92 2
85 94 -2
85 97 2
85 99 -2
85 103 2
85 105 -2
85 110 2
85 130 -2
85 132 2
85 134 2
85 137 2
85 141 2
86 89 2
86 90 -2
86 93 2
86 94 -2
86 98 2
86 99 -2
86 104 2
86 105 -2
87 88 2
87 89 2
87 90 2
87 95 -2
87 100 -2
87 106 -2
87 112 -2
87 113 -2
87 114 -2
87 118 2
87 122 2
87 127 2
88 89 2
88 90 2
88 92 2
88 95 -2
88 97 2
88 100 -2
88 103 2
88 106 -2
88 112 2
88 131 -2
88 132 -2
88 135 2
88 138 2
88 142 2
89 90 2
89 93 2
89 95 -2
89 98 2
89 100 -2
89 104 2
89 106 -2
89 113 2
89 131 2
89 145 -2
89 147 2
89 149 2
89 152 2
90 94 2
90 95 -2
90 99 2
90 100 -2
90 105 2
90 106 -2
91 92 2
91 93 2
91 94 2
91 95 2
91 101 -2
91 107 -2
91 115 -2
91 116 -2
91 117 -2
91 118 -2
91 123 2
91 128 2
92 93 2
92 94 2
92 95 2
92 97 2
92 101 -2
92 103 2
92 107 -2
92 115 2
92 133 -2
92 134 -2
92 135 -2
92 139 2
92 143 2
93 94 2
93 95 2
93 98 2
93 101 -2
93 104 2
93 107 -2
93 116 2
93 133 2
93 146 -2
93 147 -2
93 150 2
93 153 2
94 95 2
94 99 2
94 101 -2
94 105 2
94 107 -2
94 117 2
94 134 2
94 146 2
94 155 -2
94 157 2
94 159 2
95 100 2
95 101 -2
95 106 2
95 107 -2
96 97 2
96 98 2
96 99 2
96 100 2
96 101 2
96 108 -2
96 119 -2
96 120 -2
96 121 -2
96 122 -2
96 123 -2
96 129 2
97 98 2
97 99 2
97 100 2
97 101 2
97 103 2
97 108 -2
97 119 2
97 136 -2
97 137 -2
97 138 -2
97 139 -2
97 144 2
98 99 2
98 100 2
98 101 2
98 104 2
98 108 -2
98 120 2
98 136 2
98 148 -2
98 149 -2
98 150 -2
98 154 2
99 100 2
99 101 2
99 105 2
99 108 -2
99 121 2
99 137 2
99 148 2
99 156 -2
99 157 -2
99 160 2
100 101 2
100 106 2
100 108 -2
100 122 2
100 138 2
100 149 2
100 156 2
100 161 -2
100 163 2
101 107 2
101 108 -2
102 103 2
102 104 2
102 105 2
102 106 2
102 107 2
102 108 2
102 124 -2
102 125 -2
102 126 -2
102 127 -2
102 128 -2
102 129 -2
103 104 2
103 105 2
103 106 2
103 107 2
103 108 2
103 124 2
103 140 -2
103 141 -2
103 142 -2
103 143 -2
103 144 -2
104 105 2
104 106 2
104 107 2
104 108 2
104 125 2
104 140 2
104 151 -2
104 152 -2
104 153 -2
104 154 -2
105 106 2
105 107 2
105 108 2
105 126 2
105 141 2
105 151 2
105 158 -2
105 159 -2
105 160 -2
106 107 2
106 108 2
106 127 2
106 142 2
106 152 2
106 158 2
106 162 -2
106 163 -2
107 108 2
107 128 2
107 143 2
107 153 2
107 159 2
107 162 2
107 164 -2
109 111 -2
109 113 -2
109 116 -2
109 120 -2
109 125 -2
110 111 2
110 114 -2
110 117 -2
110 121 -2
110 126 -2
110 130 -2
110 132 2
110 134 2
110 137 2
110 141 2
111 113 2
111 114 -2
111 116 2
111 117 -2
111 120 2
111 121 -2
111 125 2
111 126 -2
112 113 2
112 114 2
112 118 -2
112 122 -2
112 127 -2
112 131 -2
112 132 -2
112 135 2
112 138 2
112 142 2
113 114 2
113 116 2
113 118 -2
113 120 2
113 122 -2
113 125 2
113 127 -2
113 131 2
113 145 -2
113 147 2
113 149 2
113 152 2
114 117 2
114 118 -2
114 121 2
114 122 -2
114 126 2
114 127 -2
115 116 2
115 117 2
115 118 2
115 123 -2
115 128 -2
115 133 -2
115 134 -2
115 135 -2
115 139 2
115 143 2
116 117 2
116 118 2
116 120 2
116 123 -2
116 125 2
116 128 -2
116 133 2
116 146 -2
116 147 -2
116 150 2
116 153 2
117 118 2
117 121 2
117 123 -2
117 126 2
117 128 -2
117 134 2
117 146 2
117 155 -2
117 157 2
117 159 2
118 122 2
118 123 -2
118 127 2
118 128 -2
119 120 2
119 121 2
119 122 2
119 123 2
119 129 -2
119 136 -2
119 137 -2
119 138 -2
119 139 -2
119 144 2
120 121 2
120 122 2
120 123 2
120 125 2
120 129 -2
120 136 2
120 148 -2
120 149 -2
120 150 -2
120 154 2
121 122 2
121 123 2
121 126 2
121 129 -2
121 137 2
121 148 2
121 156 -2
121 157 -2
121 160 2
122 123 2
122 127 2
122 129 -2
122 138 2
122 149 2
122 156 2
122 161 -2
122 163 2
123 128 2
123 129 -2
124 125 2
124 126 2
124 127 2
124 128 2
124 129 2
124 140 -2
124 141 -2
124 142 -2
124 143 -2
124 144 -2
125 126 2
125 127 2
125 128 2
125 129 2
125 140 2
125 151 -2
125 152 -2
125 153 -2
125 154 -2
126 127 2
126 128 2
126 129 2
126 141 2
126 151 2
126 158 -2
126 159 -2
126 160 -2
127 128 2
127 129 2
127 142 2
127 152 2
127 158 2
127 162 -2
127 163 -2
128 129 2
128 143 2
128 153 2
128 159 2
128 162 2
128 164 -2
130 132 -2
130 134 -2
130 137 -2
130 141 -2
131 132 2
131 135 -2
131 138 -2
131 142 -2
131 145 -2
131 147 2
131 149 2
131 152 2
132 134 2
132 135 -2
132 137 2
132 138 -2
132 141 2
132 142 -2
133 134 2
133 135 2
133 139 -2
133 143 -2
133 146 -2
133 147 -2
133 150 2
133 153 2
134 135 2
134 137 2
134 139 -2
134 141 2
134 143 -2
134 146 2
134 155 -2
134 157 2
134 159 2
135 138 2
135 139 -2
135 142 2
135 143 -2
136 137 2
136 138 2
136 139 2
136 144 -2
136 148 -2
136 149 -2
136 150 -2
136 154 2
137 138 2
137 139 2
137 141 2
137 144 -2
137 148 2
137 156 -2
137 157 -2
137 160 2
138 139 2
138 142 2
138 144 -2
138 149 2
138 156 2
138 161 -2
138 163 2
139 143 2
139 144 -2
140 141 2
140 142 2
140 143 2
140 144 2
140 151 -2
140 152 -2
140 153 -2
140 154 -2
141 142 2
141 143 2
141 144 2
141 151 2
141 158 -2
141 159 -2
141 160 -2
142 143 2
142 144 2
142 152 2
142 158 2
142 162 -2
142 163 -2
143 144 2
143 153 2
143 159 2
143 162 2
143 164 -2
145 147 -2
145 149 -2
145 152 -2
146 147 2
146 150 -2
146 153 -2
146 155 -2
146 157 2
146 159 2
147 149 2
147 150 -2
147 152 2
147 153 -2
148 149 2
148 150 2
148 154 -2
148 156 -2
148 157 -2
148 160 2
149 150 2
149 152 2
149 154 -2
149 156 2
149 161 -2
149 163 2
150 153 2
150 154 -2
151 152 2
151 153 2
151 154 2
151 158 -2
151 159 -2
151 160 -2
152 153 2
152 154 2
152 158 2
152 162 -2
152 163 -2
153 154 2
153 159 2
153 162 2
153 164 -2
155 157 -2
155 159 -2
156 157 2
156 160 -2
156 161 -2
156 163 2
157 159 2
157 160 -2
158 159 2
158 160 2
158 162 -2
158 163 -2
159 160 2
159 162 2
159 164 -2
161 163 -2
162 163 2
162 164 -2
