20 60 1 122.60968734485431 105.70604957273611
0 1.447165492095781 0.44716549209578099
1 2.4764017308053656 0.47640173080536569
2 2.2076622929151593 0.20766229291515942
3 2.5092679064416887 0.50926790644168873
4 3.2219885746027872 0.2219885746027874
5 2.2546339532208441 0.25463395322084437
6 0.6361650672888165 0.6361650672888165
7 1.2773027216387149 0.27730272163871489
8 1.3180825336444082 0.31808253364440825
9 0.35886234565010167 0.35886234565010167
10 1.104528141468927 0.10452814146892686
11 2.1188544231565545 0.11885442315655483
12 2.1363330147972248 0.13633301479722465
13 2.1741685701924824 0.1741685701924823
14 3.1997815952207884 0.19978159522078853
15 2.2253946202490948 0.22539462024909476
16 1.0310512071729538 0.031051207172953853
17 2.0944997875965177 0.09449978759651774
18 2.1066151449806867 0.10661514498068668
19 1.0901229077598953 0.090122907759895315
0 2 -2
0 4 -2
0 7 -2
1 2 2
1 5 -2
1 8 -2
1 10 -2
1 12 2
1 14 2
2 4 2
2 5 -2
2 7 2
2 8 -2
3 4 2
3 5 2
3 9 -2
3 11 -2
3 12 -2
3 15 2
4 5 2
4 7 2
4 9 -2
4 11 2
4 16 -2
4 18 2
5 8 2
5 9 -2
6 7 2
6 8 2
6 9 2
6 13 -2
6 14 -2
6 15 -2
7 8 2
7 9 2
7 13 2
7 17 -2
7 18 -2
8 9 2
8 14 2
8 17 2
8 19 -2
10 12 -2
10 14 -2
11 12 2
11 15 -2
11 16 -2
11 18 2
12 14 2
12 15 -2
13 14 2
13 15 2
13 17 -2
13 18 -2
14 15 2
14 17 2
14 19 -2
16 18 -2
17 18 2
17 19 -2
