84 588 1 122.71048325345434 99.377743727516048
0 1.0420900006834741 0.042090000683474106
1 2.042449206089294 0.04244920608929402
2 2.0653064709066062 0.065306470906606184
3 2.0575566342375842 0.05755663423758426
4 3.0885486680578218 0.088548668057821939
5 2.0457501451632081 0.045750145163208009
6 2.0894608372513539 0.089460837251354036
7 3.1376320573097756 0.13763205730977546
8 3.0711098962767176 0.071109896276717321
9 2.0756976315203763 0.075697631520376493
10 2.107824435571148 0.10782443557114796
11 3.1658837470325354 0.16588374703253533
12 3.085706602633477 0.085706602633476583
13 3.0912360608678946 0.091236060867894431
14 2.1907663090874157 0.19076630908741563
15 2.1616440200005069 0.16164402000050704
16 3.248683107693088 0.2486831076930878
17 3.1284862723080957 0.12848627230809537
18 3.1367757092311983 0.13677570923119828
19 3.2859855738470514 0.28598557384705098
20 2.132630990769647 0.13263099076964682
21 0.31782125671729955 0.31782125671729955
22 1.4889557795650763 0.48895577956507624
23 1.2526271527752895 0.25262715277528941
24 1.2689256787607921 0.26892567876079193
25 1.5622991464998377 0.5622991464998377
26 1.2607764157680408 0.26077641576804067
27 0.36671683467380728 0.36671683467380717
28 1.0438230988111967 0.043823098811196663
29 2.0670652959624123 0.067065295962412425
30 2.034650402913913 0.034650402913913088
31 2.1161486852143661 0.11614868521436592
32 3.0600101540274225 0.060010154027422394
33 2.0638817768679014 0.063881776867901252
34 2.1444003749371259 0.14440037493712579
35 3.0746068603841819 0.074606860384181656
36 3.0794202062154192 0.07942020621541919
37 2.1660604311776948 0.16606043117769467
38 2.2271997355976785 0.22719973559767825
39 3.1173865300588002 0.11738653005880044
40 3.1249598545787234 0.12495985457872304
41 3.26127969593733 0.26127969593733003
42 2.121173192318762 0.12117319231876174
43 2.4674724074696668 0.46747240746966678
44 3.2415274105259946 0.24152741052599447
45 3.257109824108317 0.25710982410831673
46 3.537593268590117 0.5375932685901168
47 3.2493186173171558 0.2493186173171556
48 2.3506043056022503 0.35060430560225003
49 1.0122939907737798 0.012293990773779871
50 2.0376537418872891 0.03765374188728917
51 2.0400830155574368 0.040083015557436867
52 2.052250448244048 0.052250448244048453
53 3.055621444904955 0.055621444904954805
54 2.1162993848012692 0.11629938480126913
55 2.0950301179186672 0.095030117918667223
56 3.1011610932682587 0.10116109326825865
57 3.2115186495609049 0.21151864956090444
58 2.0980956055934632 0.098095605593462934
59 2.2191709983858616 0.21917099838586127
60 3.2333110627978523 0.23331106279785233
61 3.4878322222136915 0.48783222221369121
62 3.226241030591857 0.2262410305918568
63 2.3181514492697985 0.3181514492697986
64 1.0397790725217431 0.039779072521743092
65 2.0553175018692609 0.055317501869261029
66 2.1156638675448187 0.11566386754481851
67 2.100857150232565 0.10085715023256488
68 3.210883132304454 0.21088313230445385
69 2.0978008729527899 0.097800872952790177
70 2.2330071197621586 0.23300711976215854
71 3.487196704957241 0.4871967049572406
72 3.2259462979511841 0.22594629795118404
73 2.3177369814938529 0.3177369814938526
74 1.0889353408209204 0.088935340820920403
75 2.1841546055805559 0.18415460558055569
76 2.0854050344721418 0.085405034472141775
77 2.4604681782333424 0.46046817823334252
78 3.2135504594705355 0.21355045947053564
79 2.3003053336304409 0.30030533363044071
80 1.0592272268710998 0.059227226871099915
81 2.1873726518694938 0.18737265186949378
82 2.2634927916914758 0.2634927916914756
83 1.2423040243994057 0.24230402439940568
0 2 -2
0 4 -2
0 7 -2
0 11 -2
0 16 -2
0 22 -2
1 2 2
1 5 -2
1 8 -2
1 12 -2
1 17 -2
1 23 -2
1 28 -2
1 30 2
1 32 2
1 35 2
1 39 2
1 44 2
2 4 2
2 5 -2
2 7 2
2 8 -2
2 11 2
2 12 -2
2 16 2
2 17 -2
2 22 2
2 23 -2
3 4 2
3 5 2
3 9 -2
3 13 -2
3 18 -2
3 24 -2
3 29 -2
3 30 -2
3 33 2
3 36 2
3 40 2
3 45 2
4 5 2
4 7 2
4 9 -2
4 11 2
4 13 -2
4 16 2
4 18 -2
4 22 2
4 24 -2
4 29 2
4 49 -2
4 51 2
4 53 2
4 56 2
4 60 2
5 8 2
5 9 -2
5 12 2
5 13 -2
5 17 2
5 18 -2
5 23 2
5 24 -2
6 7 2
6 8 2
6 9 2
6 14 -2
6 19 -2
6 25 -2
6 31 -2
6 32 -2
6 33 -2
6 37 2
6 41 2
6 46 2
7 8 2
7 9 2
7 11 2
7 14 -2
7 16 2
7 19 -2
7 22 2
7 25 -2
7 31 2
7 50 -2
7 51 -2
7 54 2
7 57 2
7 61 2
8 9 2
8 12 2
8 14 -2
8 17 2
8 19 -2
8 23 2
8 25 -2
8 32 2
8 50 2
8 64 -2
8 66 2
8 68 2
8 71 2
9 13 2
9 14 -2
9 18 2
9 19 -2
9 24 2
9 25 -2
10 11 2
10 12 2
10 13 2
10 14 2
10 20 -2
10 26 -2
10 34 -2
10 35 -2
10 36 -2
10 37 -2
10 42 2
10 47 2
11 12 2
11 13 2
11 14 2
11 16 2
11 20 -2
11 22 2
11 26 -2
11 34 2
11 52 -2
11 53 -2
11 54 -2
11 58 2
11 62 2
12 13 2
12 14 2
12 17 2
12 20 -2
12 23 2
12 26 -2
12 35 2
12 52 2
12 65 -2
12 66 -2
12 69 2
12 72 2
13 14 2
13 18 2
13 20 -2
13 24 2
13 26 -2
13 36 2
13 53 2
13 65 2
13 74 -2
13 76 2
13 78 2
14 19 2
14 20 -2
14 25 2
14 26 -2
15 16 2
15 17 2
15 18 2
15 19 2
15 20 2
15 27 -2
15 38 -2
15 39 -2
15 40 -2
15 41 -2
15 42 -2
15 48 2
16 17 2
16 18 2
16 19 2
16 20 2
16 22 2
16 27 -2
16 38 2
16 55 -2
16 56 -2
16 57 -2
16 58 -2
16 63 2
17 18 2
17 19 2
17 20 2
17 23 2
17 27 -2
17 39 2
17 55 2
17 67 -2
17 68 -2
17 69 -2
17 73 2
18 19 2
18 20 2
18 24 2
18 27 -2
18 40 2
18 56 2
18 67 2
18 75 -2
18 76 -2
18 79 2
19 20 2
19 25 2
19 27 -2
19 41 2
19 57 2
19 68 2
19 75 2
19 80 -2
19 82 2
20 26 2
20 27 -2
21 22 2
21 23 2
21 24 2
21 25 2
21 26 2
21 27 2
21 43 -2
21 44 -2
21 45 -2
21 46 -2
21 47 -2
21 48 -2
22 23 2
22 24 2
22 25 2
22 26 2
22 27 2
22 43 2
22 59 -2
22 60 -2
22 61 -2
22 62 -2
22 63 -2
23 24 2
23 25 2
23 26 2
23 27 2
23 44 2
23 59 2
23 70 -2
23 71 -2
23 72 -2
23 73 -2
24 25 2
24 26 2
24 27 2
24 45 2
24 60 2
24 70 2
24 77 -2
24 78 -2
24 79 -2
25 26 2
25 27 2
25 46 2
25 61 2
25 71 2
25 77 2
25 81 -2
25 82 -2
26 27 2
26 47 2
26 62 2
26 72 2
26 78 2
26 81 2
26 83 -2
28 30 -2
28 32 -2
28 35 -2
28 39 -2
28 44 -2
29 30 2
29 33 -2
29 36 -2
29 40 -2
29 45 -2
29 49 -2
29 51 2
29 53 2
29 56 2
29 60 2
30 32 2
30 33 -2
30 35 2
30 36 -2
30 39 2
30 40 -2
30 44 2
30 45 -2
31 32 2
31 33 2
31 37 -2
31 41 -2
31 46 -2
31 50 -2
31 51 -2
31 54 2
31 57 2
31 61 2
32 33 2
32 35 2
32 37 -2
32 39 2
32 41 -2
32 44 2
32 46 -2
32 50 2
32 64 -2
32 66 2
32 68 2
32 71 2
33 36 2
33 37 -2
33 40 2
33 41 -2
33 45 2
33 46 -2
34 35 2
34 36 2
34 37 2
34 42 -2
34 47 -2
34 52 -2
34 53 -2
34 54 -2
34 58 2
34 62 2
35 36 2
35 37 2
35 39 2
35 42 -2
35 44 2
35 47 -2
35 52 2
35 65 -2
35 66 -2
35 69 2
35 72 2
36 37 2
36 40 2
36 42 -2
36 45 2
36 47 -2
36 53 2
36 65 2
36 74 -2
36 76 2
36 78 2
37 41 2
37 42 -2
37 46 2
37 47 -2
38 39 2
38 40 2
38 41 2
38 42 2
38 48 -2
38 55 -2
38 56 -2
38 57 -2
38 58 -2
38 63 2
39 40 2
39 41 2
39 42 2
39 44 2
39 48 -2
39 55 2
39 67 -2
39 68 -2
39 69 -2
39 73 2
40 41 2
40 42 2
40 45 2
40 48 -2
40 56 2
40 67 2
40 75 -2
40 76 -2
40 79 2
41 42 2
41 46 2
41 48 -2
41 57 2
41 68 2
41 75 2
41 80 -2
41 82 2
42 47 2
42 48 -2
43 44 2
43 45 2
43 46 2
43 47 2
43 48 2
43 59 -2
43 60 -2
43 61 -2
43 62 -2
43 63 -2
44 45 2
44 46 2
44 47 2
44 48 2
44 59 2
44 70 -2
44 71 -2
44 72 -2
44 73 -2
45 46 2
45 47 2
45 48 2
45 60 2
45 70 2
45 77 -2
45 78 -2
45 79 -2
46 47 2
46 48 2
46 61 2
46 71 2
46 77 2
46 81 -2
46 82 -2
47 48 2
47 62 2
47 72 2
47 78 2
47 81 2
47 83 -2
49 51 -2
49 53 -2
49 56 -2
49 60 -2
50 51 2
50 54 -2
50 57 -2
50 61 -2
50 64 -2
50 66 2
50 68 2
50 71 2
51 53 2
51 54 -2
51 56 2
51 57 -2
51 60 2
51 61 -2
52 53 2
52 54 2
52 58 -2
52 62 -2
52 65 -2
52 66 -2
52 69 2
52 72 2
53 54 2
53 56 2
53 58 -2
53 60 2
53 62 -2
53 65 2
53 74 -2
53 76 2
53 78 2
54 57 2
54 58 -2
54 61 2
54 62 -2
55 56 2
55 57 2
55 58 2
55 63 -2
55 67 -2
55 68 -2
55 69 -2
55 73 2
56 57 2
56 58 2
56 60 2
56 63 -2
56 67 2
56 75 -2
56 76 -2
56 79 2
57 58 2
57 61 2
57 63 -2
57 68 2
57 75 2
57 80 -2
57 82 2
58 62 2
58 63 -2
59 60 2
59 61 2
59 62 2
59 63 2
59 70 -2
59 71 -2
59 72 -2
59 73 -2
60 61 2
60 62 2
60 63 2
60 70 2
60 77 -2
60 78 -2
60 79 -2
61 62 2
61 63 2
61 71 2
61 77 2
61 81 -2
61 82 -2
62 63 2
62 72 2
62 78 2
62 81 2
62 83 -2
64 66 -2
64 68 -2
64 71 -2
65 66 2
65 69 -2
65 72 -2
65 74 -2
65 76 2
65 78 2
66 68 2
66 69 -2
66 71 2
66 72 -2
67 68 2
67 69 2
67 73 -2
67 75 -2
67 76 -2
67 79 2
68 69 2
68 71 2
68 73 -2
68 75 2
68 80 -2
68 82 2
69 72 2
69 73 -2
70 71 2
70 72 2
70 73 2
70 77 -2
70 78 -2
70 79 -2
71 72 2
71 73 2
71 77 2
71 81 -2
71 82 -2
72 73 2
72 78 2
72 81 2
72 83 -2
74 76 -2
74 78 -2
75 76 2
75 79 -2
75 80 -2
75 82 2
76 78 2
76 79 -2
77 78 2
77 79 2
77 81 -2
77 82 -2
78 79 2
78 81 2
78 83 -2
80 82 -2
81 82 2
81 83 -2
