20 60 1 101.68324598015006 92.439314527409138
0 1.1143279904973649 0.11432799049736476
1 2.3314067436175647 0.33140674361756456
2 2.3381701465485349 0.33817014654853533
3 2.3671180241578376 0.36711802415783723
4 3.3746102287324868 0.37461022873248695
5 2.2472427509634412 0.24724275096344139
6 0.4818886290231672 0.4818886290231672
7 1.4917230908399666 0.49172309083996657
8 1.3245372399543778 0.32453723995437789
9 0.42288185812237117 0.42288185812237122
10 1.3206010722282364 0.32060107222823636
11 2.3570411544121876 0.35704115441218803
12 2.2356471619120444 0.2356471619120441
13 2.4741540165196678 0.4741540165196676
14 3.3129416509029808 0.31294165090298065
15 2.4077724542069143 0.40777245420691416
16 1.17024634919991 0.17024634919991002
17 2.2475408381908464 0.24754083819084657
18 2.3225532134001936 0.32255321340019405
19 1.1320555320906309 0.13205553209063092
0 2 -2
0 4 -2
0 7 -2
1 2 2
1 5 -2
1 8 -2
1 10 -2
1 12 2
1 14 2
2 4 2
2 5 -2
2 7 2
2 8 -2
3 4 2
3 5 2
3 9 -2
3 11 -2
3 12 -2
3 15 2
4 5 2
4 7 2
4 9 -2
4 11 2
4 16 -2
4 18 2
5 8 2
5 9 -2
6 7 2
6 8 2
6 9 2
6 13 -2
6 14 -2
6 15 -2
7 8 2
7 9 2
7 13 2
7 17 -2
7 18 -2
8 9 2
8 14 2
8 17 2
8 19 -2
10 12 -2
10 14 -2
11 12 2
11 15 -2
11 16 -2
11 18 2
12 14 2
12 15 -2
13 14 2
13 15 2
13 17 -2
13 18 -2
14 15 2
14 17 2
14 19 -2
16 18 -2
17 18 2
17 19 -2
