20 60 1 87.182165894311353 77.479046844718326
0 1.1845938462225545 0.1845938462225544
1 2.2058984561280774 0.2058984561280775
2 2.2509387434060946 0.25093874340609446
3 2.2683608951493417 0.2683608951493418
4 3.3270648409632604 0.32706484096326033
5 2.2851334510961756 0.28513345109617572
6 0.36704754546695662 0.36704754546695656
7 1.4473391960378532 0.44733919603785327
8 1.3899880170586412 0.38998801705864133
9 0.37851778126279884 0.37851778126279889
10 1.1266314649786 0.12663146497860001
11 2.202757562535766 0.20275756253576593
12 2.1767630032363088 0.17676300323630875
13 2.3230319176103587 0.32303191761035888
14 3.2816175691987746 0.2816175691987744
15 2.2733346995164574 0.2733346995164575
16 1.0890024894847117 0.089002489484711664
17 2.1938570554471775 0.19385705544717732
18 2.1881553773457898 0.18815537734578974
19 1.1661849983807189 0.16618499838071904
0 2 -2
0 4 -2
0 7 -2
1 2 2
1 5 -2
1 8 -2
1 10 -2
1 12 2
1 14 2
2 4 2
2 5 -2
2 7 2
2 8 -2
3 4 2
3 5 2
3 9 -2
3 11 -2
3 12 -2
3 15 2
4 5 2
4 7 2
4 9 -2
4 11 2
4 16 -2
4 18 2
5 8 2
5 9 -2
6 7 2
6 8 2
6 9 2
6 13 -2
6 14 -2
6 15 -2
7 8 2
7 9 2
7 13 2
7 17 -2
7 18 -2
8 9 2
8 14 2
8 17 2
8 19 -2
10 12 -2
10 14 -2
11 12 2
11 15 -2
11 16 -2
11 18 2
12 14 2
12 15 -2
13 14 2
13 15 2
13 17 -2
13 18 -2
14 15 2
14 17 2
14 19 -2
16 18 -2
17 18 2
17 19 -2
