35 150 1 153.51485721407792 126.4554475064829
0 1.2003748217790446 0.20037482177904478
1 2.2376074940417485 0.23760749404174861
2 2.192348923748082 0.19234892374808224
3 2.2962290025041288 0.2962290025041292
4 3.2398044305985811 0.23980443059858078
5 2.2304003352809896 0.23040033528098935
6 2.298255463422521 0.29825546342252085
7 3.2414448989610887 0.24144489896108834
8 3.2319764715508499 0.23197647155084958
9 2.1656974796791779 0.16569747967917825
10 0.41038373186346327 0.41038373186346322
11 1.3322154019847083 0.33221540198470828
12 1.3191873470049158 0.3191873470049158
13 1.2279909621463685 0.22799096214636844
14 0.52112219919169922 0.52112219919169922
15 1.0555703158278238 0.055570315827823825
16 2.1030258226783225 0.10302582267832239
17 2.098985594337996 0.09898559433799603
18 2.1046662910408296 0.10466629104082996
19 3.1005617306078563 0.10056173060785623
20 2.0718298075770401 0.071829807577040161
21 2.1954367940644501 0.19543679406444994
22 3.1877726060619227 0.18777260606192248
23 3.1341232900442306 0.13412329004423035
24 2.3065675201010976 0.30656752010109795
25 1.0745532516750655 0.074553251675065671
26 2.0761293879449259 0.076129387944925853
27 2.0543781342463756 0.054378134246375616
28 2.1633402633989922 0.16334026339899213
29 3.1166716167135657 0.1166716167135658
30 2.266677981059579 0.26667798105957896
31 1.0336933163226512 0.033693316322651254
32 2.0959867987898413 0.09598679878984144
33 2.2193983972339235 0.21939839723392332
34 1.1449583864880433 0.14495838648804316
0 2 -2
0 4 -2
0 7 -2
0 11 -2
1 2 2
1 5 -2
1 8 -2
1 12 -2
1 15 -2
1 17 2
1 19 2
1 22 2
2 4 2
2 5 -2
2 7 2
2 8 -2
2 11 2
2 12 -2
3 4 2
3 5 2
3 9 -2
3 13 -2
3 16 -2
3 17 -2
3 20 2
3 23 2
4 5 2
4 7 2
4 9 -2
4 11 2
4 13 -2
4 16 2
4 25 -2
4 27 2
4 29 2
5 8 2
5 9 -2
5 12 2
5 13 -2
6 7 2
6 8 2
6 9 2
6 14 -2
6 18 -2
6 19 -2
6 20 -2
6 24 2
7 8 2
7 9 2
7 11 2
7 14 -2
7 18 2
7 26 -2
7 27 -2
7 30 2
8 9 2
8 12 2
8 14 -2
8 19 2
8 26 2
8 31 -2
8 33 2
9 13 2
9 14 -2
10 11 2
10 12 2
10 13 2
10 14 2
10 21 -2
10 22 -2
10 23 -2
10 24 -2
11 12 2
11 13 2
11 14 2
11 21 2
11 28 -2
11 29 -2
11 30 -2
12 13 2
12 14 2
12 22 2
12 28 2
12 32 -2
12 33 -2
13 14 2
13 23 2
13 29 2
13 32 2
13 34 -2
15 17 -2
15 19 -2
15 22 -2
16 17 2
16 20 -2
16 23 -2
16 25 -2
16 27 2
16 29 2
17 19 2
17 20 -2
17 22 2
17 23 -2
18 19 2
18 20 2
18 24 -2
18 26 -2
18 27 -2
18 30 2
19 20 2
19 22 2
19 24 -2
19 26 2
19 31 -2
19 33 2
20 23 2
20 24 -2
21 22 2
21 23 2
21 24 2
21 28 -2
21 29 -2
21 30 -2
22 23 2
22 24 2
22 28 2
22 32 -2
22 33 -2
23 24 2
23 29 2
23 32 2
23 34 -2
25 27 -2
25 29 -2
26 27 2
26 30 -2
26 31 -2
26 33 2
27 29 2
27 30 -2
28 29 2
28 30 2
28 32 -2
28 33 -2
29 30 2
29 32 2
29 34 -2
31 33 -2
32 33 2
32 34 -2
