84 588 1 144.06825603516981 126.84013653282305
0 1.0898499344167121 0.089849934416711977
1 2.0943325801578392 0.094332580157839144
2 2.1156334853547705 0.11563348535477058
3 2.1421380204672431 0.14213802046724314
4 3.1742337025082334 0.17423370250823353
5 2.1879889948115152 0.1879889948115151
6 2.1792641187379349 0.17926411873793499
7 3.2197431132916625 0.21974311329166227
8 3.2370912538146879 0.23709125381468824
9 2.4510516535986748 0.45105165359867522
10 2.1806937353305842 0.18069373533058433
11 3.2214955465342645 0.22149554653426465
12 3.2389820370501279 0.23898203705012763
13 3.4546487534124379 0.45464875341243793
14 2.233153206878173 0.23315320687817331
15 2.2009791776314831 0.20097917763148282
16 3.2463615725805277 0.24636157258052729
17 3.2658111704158319 0.26581117041583208
18 3.5056895437179243 0.50568954371792452
19 3.2593279711373975 0.2593279711373972
20 2.3436095617570509 0.34360956175705126
21 0.21517578440341714 0.2151757844034172
22 1.263763864752576 0.26376386475257591
23 1.2845873277593582 0.28458732775935819
24 1.54141003817634 0.54141003817634004
25 1.2776461734237641 0.27764617342376413
26 1.3678811797864876 0.36788117978648749
27 0.29846963643054636 0.29846963643054641
28 1.0449329291228791 0.044932929122878988
29 2.1035331462763418 0.10353314627634194
30 2.1117068157192111 0.11170681571921104
31 2.1490425570597704 0.14904255705977068
32 3.1608090747223843 0.16080907472238415
33 2.3059294592279502 0.30592945922795034
34 2.1507949903023729 0.15079499030237309
35 3.1626998579578234 0.16269985795782357
36 3.3095265590417133 0.30952655904171317
37 2.15873156873934 0.15873156873934008
38 2.1756610163486356 0.17566101634863573
39 3.1895289913235283 0.18952899132352802
40 3.3605673493471997 0.36056734934719964
41 3.1849063329985636 0.18490633299856393
42 2.2450008912230972 0.24500089122309723
43 2.1930633085206841 0.19306330852068432
44 3.2083051486670544 0.20830514866705413
45 3.3962878438056148 0.39628784380561516
46 3.2032245352849311 0.20322453528493084
47 3.269272509252533 0.26927250925253338
48 2.218466375431301 0.21846637543130068
49 1.0691552105829605 0.069155210582960577
50 2.1182574695861338 0.11825746958613366
51 2.2249776250663036 0.22497762506630309
52 2.1201482528215729 0.12014825282157307
53 3.2285747248800658 0.22857472488006586
54 2.1172178076308028 0.11721780763080299
55 2.1469773861872778 0.14697738618727754
56 3.2796155151855531 0.27961551518555244
57 3.1433925718900273 0.14339257189002688
58 2.1899951577542858 0.1899951577542856
59 2.1657535435308035 0.16575354353080363
60 3.3153360096439681 0.31533600964396791
61 3.1617107741763935 0.16171077417639379
62 3.214266775783722 0.21426677578372177
63 2.1738390822396232 0.17383908223962333
64 1.213698709975725 0.21369870997572504
65 2.2172958097894879 0.21729580978948779
66 2.1114337486099939 0.11143374860999374
67 2.2683366000949747 0.26833660009497434
68 3.1376085128692175 0.1376085128692176
69 2.1823312795517134 0.18233127955171333
70 2.3040570945533898 0.30405709455338986
71 3.155926715155585 0.15592671515558454
72 3.2066028975811496 0.20660289758114952
73 2.1676212187922537 0.16762121879225339
74 1.0497493095010855 0.049749309501085373
75 2.0759240737603091 0.075924073760309241
76 2.1005993977324096 0.10059939773240974
77 2.0942422760466766 0.094242276046676177
78 3.1248710157618462 0.12487101576184594
79 2.1013104467501771 0.10131044675017689
80 1.0371257458502592 0.037125745850259143
81 2.0613973638796952 0.061397363879695327
82 2.0498129556005074 0.049812955600507525
83 1.0478299390365102 0.047829939036510109
0 2 -2
0 4 -2
0 7 -2
0 11 -2
0 16 -2
0 22 -2
1 2 2
1 5 -2
1 8 -2
1 12 -2
1 17 -2
1 23 -2
1 28 -2
1 30 2
1 32 2
1 35 2
1 39 2
1 44 2
2 4 2
2 5 -2
2 7 2
2 8 -2
2 11 2
2 12 -2
2 16 2
2 17 -2
2 22 2
2 23 -2
3 4 2
3 5 2
3 9 -2
3 13 -2
3 18 -2
3 24 -2
3 29 -2
3 30 -2
3 33 2
3 36 2
3 40 2
3 45 2
4 5 2
4 7 2
4 9 -2
4 11 2
4 13 -2
4 16 2
4 18 -2
4 22 2
4 24 -2
4 29 2
4 49 -2
4 51 2
4 53 2
4 56 2
4 60 2
5 8 2
5 9 -2
5 12 2
5 13 -2
5 17 2
5 18 -2
5 23 2
5 24 -2
6 7 2
6 8 2
6 9 2
6 14 -2
6 19 -2
6 25 -2
6 31 -2
6 32 -2
6 33 -2
6 37 2
6 41 2
6 46 2
7 8 2
7 9 2
7 11 2
7 14 -2
7 16 2
7 19 -2
7 22 2
7 25 -2
7 31 2
7 50 -2
7 51 -2
7 54 2
7 57 2
7 61 2
8 9 2
8 12 2
8 14 -2
8 17 2
8 19 -2
8 23 2
8 25 -2
8 32 2
8 50 2
8 64 -2
8 66 2
8 68 2
8 71 2
9 13 2
9 14 -2
9 18 2
9 19 -2
9 24 2
9 25 -2
10 11 2
10 12 2
10 13 2
10 14 2
10 20 -2
10 26 -2
10 34 -2
10 35 -2
10 36 -2
10 37 -2
10 42 2
10 47 2
11 12 2
11 13 2
11 14 2
11 16 2
11 20 -2
11 22 2
11 26 -2
11 34 2
11 52 -2
11 53 -2
11 54 -2
11 58 2
11 62 2
12 13 2
12 14 2
12 17 2
12 20 -2
12 23 2
12 26 -2
12 35 2
12 52 2
12 65 -2
12 66 -2
12 69 2
12 72 2
13 14 2
13 18 2
13 20 -2
13 24 2
13 26 -2
13 36 2
13 53 2
13 65 2
13 74 -2
13 76 2
13 78 2
14 19 2
14 20 -2
14 25 2
14 26 -2
15 16 2
15 17 2
15 18 2
15 19 2
15 20 2
15 27 -2
15 38 -2
15 39 -2
15 40 -2
15 41 -2
15 42 -2
15 48 2
16 17 2
16 18 2
16 19 2
16 20 2
16 22 2
16 27 -2
16 38 2
16 55 -2
16 56 -2
16 57 -2
16 58 -2
16 63 2
17 18 2
17 19 2
17 20 2
17 23 2
17 27 -2
17 39 2
17 55 2
17 67 -2
17 68 -2
17 69 -2
17 73 2
18 19 2
18 20 2
18 24 2
18 27 -2
18 40 2
18 56 2
18 67 2
18 75 -2
18 76 -2
18 79 2
19 20 2
19 25 2
19 27 -2
19 41 2
19 57 2
19 68 2
19 75 2
19 80 -2
19 82 2
20 26 2
20 27 -2
21 22 2
21 23 2
21 24 2
21 25 2
21 26 2
21 27 2
21 43 -2
21 44 -2
21 45 -2
21 46 -2
21 47 -2
21 48 -2
22 23 2
22 24 2
22 25 2
22 26 2
22 27 2
22 43 2
22 59 -2
22 60 -2
22 61 -2
22 62 -2
22 63 -2
23 24 2
23 25 2
23 26 2
23 27 2
23 44 2
23 59 2
23 70 -2
23 71 -2
23 72 -2
23 73 -2
24 25 2
24 26 2
24 27 2
24 45 2
24 60 2
24 70 2
24 77 -2
24 78 -2
24 79 -2
25 26 2
25 27 2
25 46 2
25 61 2
25 71 2
25 77 2
25 81 -2
25 82 -2
26 27 2
26 47 2
26 62 2
26 72 2
26 78 2
26 81 2
26 83 -2
28 30 -2
28 32 -2
28 35 -2
28 39 -2
28 44 -2
29 30 2
29 33 -2
29 36 -2
29 40 -2
29 45 -2
29 49 -2
29 51 2
29 53 2
29 56 2
29 60 2
30 32 2
30 33 -2
30 35 2
30 36 -2
30 39 2
30 40 -2
30 44 2
30 45 -2
31 32 2
31 33 2
31 37 -2
31 41 -2
31 46 -2
31 50 -2
31 51 -2
31 54 2
31 57 2
31 61 2
32 33 2
32 35 2
32 37 -2
32 39 2
32 41 -2
32 44 2
32 46 -2
32 50 2
32 64 -2
32 66 2
32 68 2
32 71 2
33 36 2
33 37 -2
33 40 2
33 41 -2
33 45 2
33 46 -2
34 35 2
34 36 2
34 37 2
34 42 -2
34 47 -2
34 52 -2
34 53 -2
34 54 -2
34 58 2
34 62 2
35 36 2
35 37 2
35 39 2
35 42 -2
35 44 2
35 47 -2
35 52 2
35 65 -2
35 66 -2
35 69 2
35 72 2
36 37 2
36 40 2
36 42 -2
36 45 2
36 47 -2
36 53 2
36 65 2
36 74 -2
36 76 2
36 78 2
37 41 2
37 42 -2
37 46 2
37 47 -2
38 39 2
38 40 2
38 41 2
38 42 2
38 48 -2
38 55 -2
38 56 -2
38 57 -2
38 58 -2
38 63 2
39 40 2
39 41 2
39 42 2
39 44 2
39 48 -2
39 55 2
39 67 -2
39 68 -2
39 69 -2
39 73 2
40 41 2
40 42 2
40 45 2
40 48 -2
40 56 2
40 67 2
40 75 -2
40 76 -2
40 79 2
41 42 2
41 46 2
41 48 -2
41 57 2
41 68 2
41 75 2
41 80 -2
41 82 2
42 47 2
42 48 -2
43 44 2
43 45 2
43 46 2
43 47 2
43 48 2
43 59 -2
43 60 -2
43 61 -2
43 62 -2
43 63 -2
44 45 2
44 46 2
44 47 2
44 48 2
44 59 2
44 70 -2
44 71 -2
44 72 -2
44 73 -2
45 46 2
45 47 2
45 48 2
45 60 2
45 70 2
45 77 -2
45 78 -2
45 79 -2
46 47 2
46 48 2
46 61 2
46 71 2
46 77 2
46 81 -2
46 82 -2
47 48 2
47 62 2
47 72 2
47 78 2
47 81 2
47 83 -2
49 51 -2
49 53 -2
49 56 -2
49 60 -2
50 51 2
50 54 -2
50 57 -2
50 61 -2
50 64 -2
50 66 2
50 68 2
50 71 2
51 53 2
51 54 -2
51 56 2
51 57 -2
51 60 2
51 61 -2
52 53 2
52 54 2
52 58 -2
52 62 -2
52 65 -2
52 66 -2
52 69 2
52 72 2
53 54 2
53 56 2
53 58 -2
53 60 2
53 62 -2
53 65 2
53 74 -2
53 76 2
53 78 2
54 57 2
54 58 -2
54 61 2
54 62 -2
55 56 2
55 57 2
55 58 2
55 63 -2
55 67 -2
55 68 -2
55 69 -2
55 73 2
56 57 2
56 58 2
56 60 2
56 63 -2
56 67 2
56 75 -2
56 76 -2
56 79 2
57 58 2
57 61 2
57 63 -2
57 68 2
57 75 2
57 80 -2
57 82 2
58 62 2
58 63 -2
59 60 2
59 61 2
59 62 2
59 63 2
59 70 -2
59 71 -2
59 72 -2
59 73 -2
60 61 2
60 62 2
60 63 2
60 70 2
60 77 -2
60 78 -2
60 79 -2
61 62 2
61 63 2
61 71 2
61 77 2
61 81 -2
61 82 -2
62 63 2
62 72 2
62 78 2
62 81 2
62 83 -2
64 66 -2
64 68 -2
64 71 -2
65 66 2
65 69 -2
65 72 -2
65 74 -2
65 76 2
65 78 2
66 68 2
66 69 -2
66 71 2
66 72 -2
67 68 2
67 69 2
67 73 -2
67 75 -2
67 76 -2
67 79 2
68 69 2
68 71 2
68 73 -2
68 75 2
68 80 -2
68 82 2
69 72 2
69 73 -2
70 71 2
70 72 2
70 73 2
70 77 -2
70 78 -2
70 79 -2
71 72 2
71 73 2
71 77 2
71 81 -2
71 82 -2
72 73 2
72 78 2
72 81 2
72 83 -2
74 76 -2
74 78 -2
75 76 2
75 79 -2
75 80 -2
75 82 2
76 78 2
76 79 -2
77 78 2
77 79 2
77 81 -2
77 82 -2
78 79 2
78 81 2
78 83 -2
80 82 -2
81 82 2
81 83 -2
