35 150 1 106.79239320356612 97.083993821423732
0 1.0523242506560735 0.052324250656073344
1 2.1611512459051738 0.16115124590517385
2 2.1375681367483192 0.13756813674831914
3 2.1956909585000304 0.19569095850003018
4 3.1670532572561232 0.16705325725612333
5 2.2434204605732084 0.24342046057320826
6 2.2577977884574501 0.25779778845745005
7 3.2200712828295304 0.22007128282953056
8 3.3206752978373157 0.32067529783731591
9 2.2200712828295308 0.22007128282953056
10 0.3839224758438215 0.3839224758438215
11 1.3277386988910671 0.3277386988910671
12 1.4775621040984122 0.4775621040984121
13 1.3277386988910671 0.3277386988910671
14 0.3745585130183624 0.3745585130183624
15 1.1227778210571764 0.12277782105717641
16 2.1522629415649805 0.1522629415649806
17 2.2218688577089716 0.22186885770897172
18 2.2052809671383877 0.20528096713838781
19 3.2991236949730793 0.29912369497307939
20 2.2052809671383877 0.20528096713838781
21 2.3129483831999242 0.31294838319992441
22 3.4560105012341751 0.45601050123417558
23 3.3129483831999242 0.31294838319992441
24 2.3576552950856282 0.35765529508562788
25 1.178334197561995 0.17833419756199512
26 2.2555890348261025 0.25558903482610279
27 2.1754042395865412 0.17540423958654111
28 2.4124758410871991 0.41247584108719898
29 3.2830716556480772 0.28307165564807774
30 2.323510463597803 0.32351046359780311
31 1.0825031460812113 0.082503146081211426
32 2.1901705621427481 0.190170562142748
33 2.2173377853059977 0.2173377853059977
34 1.18364050472565 0.18364050472565002
0 2 -2
0 4 -2
0 7 -2
0 11 -2
1 2 2
1 5 -2
1 8 -2
1 12 -2
1 15 -2
1 17 2
1 19 2
1 22 2
2 4 2
2 5 -2
2 7 2
2 8 -2
2 11 2
2 12 -2
3 4 2
3 5 2
3 9 -2
3 13 -2
3 16 -2
3 17 -2
3 20 2
3 23 2
4 5 2
4 7 2
4 9 -2
4 11 2
4 13 -2
4 16 2
4 25 -2
4 27 2
4 29 2
5 8 2
5 9 -2
5 12 2
5 13 -2
6 7 2
6 8 2
6 9 2
6 14 -2
6 18 -2
6 19 -2
6 20 -2
6 24 2
7 8 2
7 9 2
7 11 2
7 14 -2
7 18 2
7 26 -2
7 27 -2
7 30 2
8 9 2
8 12 2
8 14 -2
8 19 2
8 26 2
8 31 -2
8 33 2
9 13 2
9 14 -2
10 11 2
10 12 2
10 13 2
10 14 2
10 21 -2
10 22 -2
10 23 -2
10 24 -2
11 12 2
11 13 2
11 14 2
11 21 2
11 28 -2
11 29 -2
11 30 -2
12 13 2
12 14 2
12 22 2
12 28 2
12 32 -2
12 33 -2
13 14 2
13 23 2
13 29 2
13 32 2
13 34 -2
15 17 -2
15 19 -2
15 22 -2
16 17 2
16 20 -2
16 23 -2
16 25 -2
16 27 2
16 29 2
17 19 2
17 20 -2
17 22 2
17 23 -2
18 19 2
18 20 2
18 24 -2
18 26 -2
18 27 -2
18 30 2
19 20 2
19 22 2
19 24 -2
19 26 2
19 31 -2
19 33 2
20 23 2
20 24 -2
21 22 2
21 23 2
21 24 2
21 28 -2
21 29 -2
21 30 -2
22 23 2
22 24 2
22 28 2
22 32 -2
22 33 -2
23 24 2
23 29 2
23 32 2
23 34 -2
25 27 -2
25 29 -2
26 27 2
26 30 -2
26 31 -2
26 33 2
27 29 2
27 30 -2
28 29 2
28 30 2
28 32 -2
28 33 -2
29 30 2
29 32 2
29 34 -2
31 33 -2
32 33 2
32 34 -2
