10 18 1 104.30396268431312 94.821784258466465
0 1.4490674603936338 0.4490674603936336
1 2.5930357219243811 0.59303572192438092
2 2.2585027505824224 0.25850275058242245
3 0.74781434945166159 0.74781434945166159
4 1.3259703574532884 0.3259703574532884
5 0.33555772090779684 0.33555772090779684
6 1.1155942250397461 0.11559422503974619
7 2.1830618319106123 0.18306183191061212
8 2.1884460034373951 0.18844600343739484
9 1.134053091243987 0.13405309124398693
0 2 -2
0 4 -2
1 2 2
1 5 -2
1 6 -2
1 8 2
2 4 2
2 5 -2
3 4 2
3 5 2
3 7 -2
3 8 -2
4 5 2
4 7 2
4 9 -2
6 8 -2
7 8 2
7 9 -2
