35 150 1 138.82689091856992 126.20626447142719
0 1.2801980913777262 0.28019809137772617
1 2.3482448671970046 0.34824486719700459
2 2.4553971340268519 0.45539713402685222
3 2.3677933988272581 0.36779339882725831
4 3.4809605984664147 0.48096059846641459
5 2.4526687985566258 0.45266879855662556
6 2.3710081570626578 0.37100815706265777
7 3.4851645130819366 0.48516451308193709
8 3.4566254240771173 0.45662542407711726
9 2.2497170287921735 0.2497170287921735
10 0.37456720132485744 0.37456720132485738
11 1.489818647886352 0.48981864788635193
12 1.4610057862459784 0.46100578624597832
13 1.2521125393532695 0.25211253935326938
14 0.28812861640373649 0.28812861640373644
15 1.4543117267148902 0.45431172671489023
16 2.479875191154453 0.47987519115445276
17 2.4516472387336026 0.45164723873360252
18 2.4840791057699749 0.48407910576997509
19 3.455603864254094 0.45560386425409427
20 2.2491583632639576 0.24915836326395779
21 2.48873324057439 0.48873324057439005
22 3.459984226422955 0.45998422642295533
23 3.251553873825054 0.25155387382505368
24 2.2874901415143469 0.28749014151434704
25 1.1078096091686549 0.10780960916865487
26 2.111766234689147 0.11176623468914661
27 2.0611221595956271 0.06112215959562705
28 2.1161465968580075 0.11614659685800767
29 3.063517670156723 0.063517670156722952
30 2.0725916230362547 0.072591623036254799
31 1.0153214451018822 0.015321445101881956
32 2.0177169556629777 0.017716955662977853
33 2.0202479493291174 0.020247949329117547
34 1.0052106173058455 0.005210617305845505
0 2 -2
0 4 -2
0 7 -2
0 11 -2
1 2 2
1 5 -2
1 8 -2
1 12 -2
1 15 -2
1 17 2
1 19 2
1 22 2
2 4 2
2 5 -2
2 7 2
2 8 -2
2 11 2
2 12 -2
3 4 2
3 5 2
3 9 -2
3 13 -2
3 16 -2
3 17 -2
3 20 2
3 23 2
4 5 2
4 7 2
4 9 -2
4 11 2
4 13 -2
4 16 2
4 25 -2
4 27 2
4 29 2
5 8 2
5 9 -2
5 12 2
5 13 -2
6 7 2
6 8 2
6 9 2
6 14 -2
6 18 -2
6 19 -2
6 20 -2
6 24 2
7 8 2
7 9 2
7 11 2
7 14 -2
7 18 2
7 26 -2
7 27 -2
7 30 2
8 9 2
8 12 2
8 14 -2
8 19 2
8 26 2
8 31 -2
8 33 2
9 13 2
9 14 -2
10 11 2
10 12 2
10 13 2
10 14 2
10 21 -2
10 22 -2
10 23 -2
10 24 -2
11 12 2
11 13 2
11 14 2
11 21 2
11 28 -2
11 29 -2
11 30 -2
12 13 2
12 14 2
12 22 2
12 28 2
12 32 -2
12 33 -2
13 14 2
13 23 2
13 29 2
13 32 2
13 34 -2
15 17 -2
15 19 -2
15 22 -2
16 17 2
16 20 -2
16 23 -2
16 25 -2
16 27 2
16 29 2
17 19 2
17 20 -2
17 22 2
17 23 -2
18 19 2
18 20 2
18 24 -2
18 26 -2
18 27 -2
18 30 2
19 20 2
19 22 2
19 24 -2
19 26 2
19 31 -2
19 33 2
20 23 2
20 24 -2
21 22 2
21 23 2
21 24 2
21 28 -2
21 29 -2
21 30 -2
22 23 2
22 24 2
22 28 2
22 32 -2
22 33 -2
23 24 2
23 29 2
23 32 2
23 34 -2
25 27 -2
25 29 -2
26 27 2
26 30 -2
26 31 -2
26 33 2
27 29 2
27 30 -2
28 29 2
28 30 2
28 32 -2
28 33 -2
29 30 2
29 32 2
29 34 -2
31 33 -2
32 33 2
32 34 -2
