10 18 1 131.54732907224934 119.58848097477211
0 1.0531765972388285 0.05317659723882838
1 2.1987482367296192 0.19874823672961939
2 2.3085827886065142 0.30858278860651428
3 0.28886941504627112 0.28886941504627112
4 1.4485077759928946 0.4485077759928946
5 0.54733152324556633 0.54733152324556633
6 1.2805193603302472 0.28051936033024721
7 2.4204443477166273 0.42044434771662753
8 2.513084627721986 0.51308462772198615
9 1.4465758653193652 0.44657586531936522
0 2 -2
0 4 -2
1 2 2
1 5 -2
1 6 -2
1 8 2
2 4 2
2 5 -2
3 4 2
3 5 2
3 7 -2
3 8 -2
4 5 2
4 7 2
4 9 -2
6 8 -2
7 8 2
7 9 -2
