35 150 1 84.031206672617003 76.392006066015455
0 1.0786600376331665 0.078660037633166521
1 2.0809646195677884 0.080964619567788484
2 2.0786513447229944 0.078651344722994523
3 2.2033088156526293 0.20330881565262907
4 3.1974999923482681 0.19749999234826826
5 2.1916911690439074 0.19169116904390743
6 2.3622042789532154 0.36220427895321516
7 3.3518555852688383 0.35185558526883759
8 3.3415068915844599 0.34150689158446007
9 2.3622042789532154 0.36220427895321516
10 0.41651192914983265 0.41651192914983265
11 1.4046115883169803 0.4046115883169803
12 1.3927112474841279 0.39271124748412795
13 1.4165119291498327 0.41651192914983265
14 0.38081090665127559 0.38081090665127559
15 1.0249946304176514 0.024994630417651428
16 2.1438432780429251 0.14384327804292515
17 2.1396125933946037 0.13961259339460383
18 2.2981988709634944 0.29819887096349451
19 3.2894283159351567 0.2894283159351565
20 2.3069694259918325 0.30696942599183263
21 2.3509548740116371 0.35095487401163716
22 3.3406326718348245 0.34063267183482432
23 3.3612770761884505 0.36127707618845001
24 2.3303104696580115 0.33031046965801147
25 1.1175259907040649 0.11752599070406473
26 2.2673417132446172 0.26734171324461731
27 2.2835442413200489 0.28354424132004868
28 2.318546069144285 0.31854606914428524
29 3.3378518915166664 0.33785189151666617
30 2.3088931579580949 0.3088931579580948
31 1.2812396593854267 0.28123965938542678
32 2.335547309582044 0.33554730958204426
33 2.306786111617869 0.30678611161786901
34 1.1949285609117288 0.19492856091172894
0 2 -2
0 4 -2
0 7 -2
0 11 -2
1 2 2
1 5 -2
1 8 -2
1 12 -2
1 15 -2
1 17 2
1 19 2
1 22 2
2 4 2
2 5 -2
2 7 2
2 8 -2
2 11 2
2 12 -2
3 4 2
3 5 2
3 9 -2
3 13 -2
3 16 -2
3 17 -2
3 20 2
3 23 2
4 5 2
4 7 2
4 9 -2
4 11 2
4 13 -2
4 16 2
4 25 -2
4 27 2
4 29 2
5 8 2
5 9 -2
5 12 2
5 13 -2
6 7 2
6 8 2
6 9 2
6 14 -2
6 18 -2
6 19 -2
6 20 -2
6 24 2
7 8 2
7 9 2
7 11 2
7 14 -2
7 18 2
7 26 -2
7 27 -2
7 30 2
8 9 2
8 12 2
8 14 -2
8 19 2
8 26 2
8 31 -2
8 33 2
9 13 2
9 14 -2
10 11 2
10 12 2
10 13 2
10 14 2
10 21 -2
10 22 -2
10 23 -2
10 24 -2
11 12 2
11 13 2
11 14 2
11 21 2
11 28 -2
11 29 -2
11 30 -2
12 13 2
12 14 2
12 22 2
12 28 2
12 32 -2
12 33 -2
13 14 2
13 23 2
13 29 2
13 32 2
13 34 -2
15 17 -2
15 19 -2
15 22 -2
16 17 2
16 20 -2
16 23 -2
16 25 -2
16 27 2
16 29 2
17 19 2
17 20 -2
17 22 2
17 23 -2
18 19 2
18 20 2
18 24 -2
18 26 -2
18 27 -2
18 30 2
19 20 2
19 22 2
19 24 -2
19 26 2
19 31 -2
19 33 2
20 23 2
20 24 -2
21 22 2
21 23 2
21 24 2
21 28 -2
21 29 -2
21 30 -2
22 23 2
22 24 2
22 28 2
22 32 -2
22 33 -2
23 24 2
23 29 2
23 32 2
23 34 -2
25 27 -2
25 29 -2
26 27 2
26 30 -2
26 31 -2
26 33 2
27 29 2
27 30 -2
28 29 2
28 30 2
28 32 -2
28 33 -2
29 30 2
29 32 2
29 34 -2
31 33 -2
32 33 2
32 34 -2
