56 315 1 171.82881927708343 156.20801752462131
0 1.133552641468986 0.13355264146898604
1 2.1394781951939255 0.1394781951939254
2 2.2403773151214459 0.24037731512144592
3 2.145451866260403 0.14545186626040313
4 3.2506723652572904 0.25067236525729047
5 2.1145046606730831 0.11450466067308331
6 2.2028660547832906 0.20286605478329037
7 3.3496202220733307 0.34962022207333021
8 3.1597030644038671 0.15970306440386689
9 2.2417127461247714 0.2417127461247715
10 2.2591052767348372 0.25910527673483702
11 3.446543136500464 0.44654313650046384
12 3.2039764944508295 0.20397649445082916
13 3.3087211807904437 0.30872118079044414
14 2.4134658671300593 0.41346586713005912
15 0.27352803911321716 0.27352803911321721
16 1.4713993865568211 0.47139938655682118
17 1.2153305839827455 0.21533058398274549
18 1.3259057487306418 0.32590574873064182
19 1.4364809134785381 0.43648091347853812
20 0.18623185641750956 0.18623185641750961
21 1.2167365569459621 0.216736556945962
22 2.2270316070818068 0.22703160708180659
23 2.1037057958274921 0.1037057958274919
24 2.3259794638978462 0.32597946389784632
25 3.1489041995582752 0.14890419955827547
26 2.2253685182503626 0.22536851825036289
27 2.4229023783249799 0.42290237832497996
28 3.1931776296052377 0.19317762960523774
29 3.2923769529160354 0.29237695291603555
30 2.3915762762268331 0.39157627622683328
31 2.4477586283813371 0.44775862838133734
32 3.2045317191371545 0.20453171913715407
33 3.3095615208562328 0.30956152085623317
34 3.4145913225753119 0.41459132257531228
35 2.1768922976321337 0.17689229763213327
36 1.0093674748357964 0.0093674748357964119
37 2.0545658785665801 0.054565878566579983
38 2.0825861945872561 0.08258619458725619
39 2.0988393086135422 0.098839308613542246
40 3.1495946292529289 0.14959462925292882
41 2.2003499498923156 0.20034994989231536
42 2.1101933981454586 0.11019339814545856
43 3.1667791971931263 0.1667791971931265
44 3.223364996240794 0.22336499624079439
45 2.0953023983960719 0.095302398396072283
46 1.0755259603617964 0.07552596036179654
47 2.1425343950274693 0.14253439502746917
48 2.1908942790546462 0.19089427905464623
49 2.1597189629676667 0.15971896296766683
50 3.213909325403125 0.21390932540312524
51 2.0912679788386668 0.091267978838666761
52 1.1813618252251605 0.18136182522516048
53 2.2043768715736398 0.20437687157363948
54 2.087200798538086 0.087200798538086183
55 1.0481102872033545 0.048110287203354453
0 2 -2
0 4 -2
0 7 -2
0 11 -2
0 16 -2
1 2 2
1 5 -2
1 8 -2
1 12 -2
1 17 -2
1 21 -2
1 23 2
1 25 2
1 28 2
1 32 2
2 4 2
2 5 -2
2 7 2
2 8 -2
2 11 2
2 12 -2
2 16 2
2 17 -2
3 4 2
3 5 2
3 9 -2
3 13 -2
3 18 -2
3 22 -2
3 23 -2
3 26 2
3 29 2
3 33 2
4 5 2
4 7 2
4 9 -2
4 11 2
4 13 -2
4 16 2
4 18 -2
4 22 2
4 36 -2
4 38 2
4 40 2
4 43 2
5 8 2
5 9 -2
5 12 2
5 13 -2
5 17 2
5 18 -2
6 7 2
6 8 2
6 9 2
6 14 -2
6 19 -2
6 24 -2
6 25 -2
6 26 -2
6 30 2
6 34 2
7 8 2
7 9 2
7 11 2
7 14 -2
7 16 2
7 19 -2
7 24 2
7 37 -2
7 38 -2
7 41 2
7 44 2
8 9 2
8 12 2
8 14 -2
8 17 2
8 19 -2
8 25 2
8 37 2
8 46 -2
8 48 2
8 50 2
9 13 2
9 14 -2
9 18 2
9 19 -2
10 11 2
10 12 2
10 13 2
10 14 2
10 20 -2
10 27 -2
10 28 -2
10 29 -2
10 30 -2
10 35 2
11 12 2
11 13 2
11 14 2
11 16 2
11 20 -2
11 27 2
11 39 -2
11 40 -2
11 41 -2
11 45 2
12 13 2
12 14 2
12 17 2
12 20 -2
12 28 2
12 39 2
12 47 -2
12 48 -2
12 51 2
13 14 2
13 18 2
13 20 -2
13 29 2
13 40 2
13 47 2
13 52 -2
13 54 2
14 19 2
14 20 -2
15 16 2
15 17 2
15 18 2
15 19 2
15 20 2
15 31 -2
15 32 -2
15 33 -2
15 34 -2
15 35 -2
16 17 2
16 18 2
16 19 2
16 20 2
16 31 2
16 42 -2
16 43 -2
16 44 -2
16 45 -2
17 18 2
17 19 2
17 20 2
17 32 2
17 42 2
17 49 -2
17 50 -2
17 51 -2
18 19 2
18 20 2
18 33 2
18 43 2
18 49 2
18 53 -2
18 54 -2
19 20 2
19 34 2
19 44 2
19 50 2
19 53 2
19 55 -2
21 23 -2
21 25 -2
21 28 -2
21 32 -2
22 23 2
22 26 -2
22 29 -2
22 33 -2
22 36 -2
22 38 2
22 40 2
22 43 2
23 25 2
23 26 -2
23 28 2
23 29 -2
23 32 2
23 33 -2
24 25 2
24 26 2
24 30 -2
24 34 -2
24 37 -2
24 38 -2
24 41 2
24 44 2
25 26 2
25 28 2
25 30 -2
25 32 2
25 34 -2
25 37 2
25 46 -2
25 48 2
25 50 2
26 29 2
26 30 -2
26 33 2
26 34 -2
27 28 2
27 29 2
27 30 2
27 35 -2
27 39 -2
27 40 -2
27 41 -2
27 45 2
28 29 2
28 30 2
28 32 2
28 35 -2
28 39 2
28 47 -2
28 48 -2
28 51 2
29 30 2
29 33 2
29 35 -2
29 40 2
29 47 2
29 52 -2
29 54 2
30 34 2
30 35 -2
31 32 2
31 33 2
31 34 2
31 35 2
31 42 -2
31 43 -2
31 44 -2
31 45 -2
32 33 2
32 34 2
32 35 2
32 42 2
32 49 -2
32 50 -2
32 51 -2
33 34 2
33 35 2
33 43 2
33 49 2
33 53 -2
33 54 -2
34 35 2
34 44 2
34 50 2
34 53 2
34 55 -2
36 38 -2
36 40 -2
36 43 -2
37 38 2
37 41 -2
37 44 -2
37 46 -2
37 48 2
37 50 2
38 40 2
38 41 -2
38 43 2
38 44 -2
39 40 2
39 41 2
39 45 -2
39 47 -2
39 48 -2
39 51 2
40 41 2
40 43 2
40 45 -2
40 47 2
40 52 -2
40 54 2
41 44 2
41 45 -2
42 43 2
42 44 2
42 45 2
42 49 -2
42 50 -2
42 51 -2
43 44 2
43 45 2
43 49 2
43 53 -2
43 54 -2
44 45 2
44 50 2
44 53 2
44 55 -2
46 48 -2
46 50 -2
47 48 2
47 51 -2
47 52 -2
47 54 2
48 50 2
48 51 -2
49 50 2
49 51 2
49 53 -2
49 54 -2
50 51 2
50 53 2
50 55 -2
52 54 -2
53 54 2
53 55 -2
