20 60 1 104.2548538901347 92.61702229803771
0 1.2559234396189765 0.25592343961897634
1 2.2963250065069953 0.29632500650699539
2 2.1657411053344213 0.16574110533442113
3 2.3630064724846234 0.3630064724846232
4 3.2030375185083488 0.20303751850834853
5 2.2338007788884013 0.23380077888840137
6 0.56592089287444658 0.56592089287444658
7 1.3165320248280805 0.31653202482808029
8 1.3644914225293048 0.36449142252930461
9 0.45081833839150842 0.45081833839150831
10 1.0335116553212156 0.033511655321215611
11 2.0708080684951429 0.070808068495143039
12 2.0815365637216798 0.081536563721679861
13 2.1843025748148746 0.18430257481487478
14 3.212227207362583 0.21222720736258308
15 2.2624915459484578 0.26249154594845803
16 1.0689687330321116 0.068968733032111554
17 2.1996593766730146 0.19965937667301478
18 2.2469471237797811 0.24694712377978142
19 1.2147628247333933 0.21476282473339342
0 2 -2
0 4 -2
0 7 -2
1 2 2
1 5 -2
1 8 -2
1 10 -2
1 12 2
1 14 2
2 4 2
2 5 -2
2 7 2
2 8 -2
3 4 2
3 5 2
3 9 -2
3 11 -2
3 12 -2
3 15 2
4 5 2
4 7 2
4 9 -2
4 11 2
4 16 -2
4 18 2
5 8 2
5 9 -2
6 7 2
6 8 2
6 9 2
6 13 -2
6 14 -2
6 15 -2
7 8 2
7 9 2
7 13 2
7 17 -2
7 18 -2
8 9 2
8 14 2
8 17 2
8 19 -2
10 12 -2
10 14 -2
11 12 2
11 15 -2
11 16 -2
11 18 2
12 14 2
12 15 -2
13 14 2
13 15 2
13 17 -2
13 18 -2
14 15 2
14 17 2
14 19 -2
16 18 -2
17 18 2
17 19 -2
