84 588 1 156.43401077767632 137.99810212040126
0 1.0788729149358187 0.078872914935818758
1 2.083287989403928 0.08328798940392812
2 2.1239162769180395 0.12391627691803941
3 2.1179983463931236 0.11799834639312333
4 3.1755585153653789 0.17555851536537861
5 2.0892182619069959 0.089218261906995694
6 2.1305572539720061 0.13055725397200593
7 3.1942437193242039 0.19424371932420395
8 3.098714021295907 0.098714021295906909
9 2.1560318401128855 0.15603184011288512
10 2.2145737247779889 0.21457372477798839
11 3.3192438344257877 0.31924383442578763
12 3.162238669954089 0.16223866995408881
13 3.2564417686371083 0.2564417686371081
14 2.2302742412251582 0.23027424122515827
15 2.2403531739658518 0.24035317396585162
16 3.3575986246809011 0.3575986246809012
17 3.1817304486083269 0.18173044860832682
18 3.2872513542518718 0.28725135425187143
19 3.2579399915731093 0.25793999157310904
20 2.3986345324311689 0.39863453243116853
21 0.26209134315599125 0.2620913431559912
22 1.3899407788418405 0.38994077884184059
23 1.1981666253130665 0.19816662531306653
24 1.3132311174303308 0.31323111743033094
25 1.2812687585088687 0.28126875850886862
26 1.4346880813318879 0.43468808133188785
27 0.24930639958740633 0.24930639958740627
28 1.0990318842699474 0.099031884269947287
29 2.1506741227172865 0.15067412271728653
30 2.0765720951514077 0.076572095151407907
31 2.1693593266761115 0.16935932667611181
32 3.0860678545403193 0.086067854540319122
33 2.1360427378217945 0.13604273782179474
34 2.2943594417776954 0.29435944177769557
35 3.1495925031985008 0.14959250319850104
36 3.2364526663460182 0.23645266634601778
37 2.2123248432494855 0.21232484324948536
38 2.3327142320328091 0.33271423203280914
39 3.1690842818527387 0.16908428185273905
40 3.2672622519607812 0.26726225196078107
41 3.2399905935974362 0.23999059359743607
42 2.3708945537414921 0.37089455374149216
43 2.3650563861937486 0.36505638619374847
44 3.185520458557479 0.18552045855747876
45 3.2932420151392408 0.29324201513924064
46 3.2633193605331954 0.26331936053319566
47 3.4069481026422115 0.40694810264221143
48 2.2333967059271504 0.23339670592715067
49 1.0295826432969863 0.029582643296986386
50 2.0390784026858975 0.039078402685897608
51 2.0617690881164186 0.061769088116418791
52 2.1026030513440794 0.10260305134407949
53 3.1621790166406414 0.1621790166406418
54 2.1456301373915965 0.14563013739159672
55 2.1220948299983178 0.12209482999831754
56 3.1929886022554053 0.19298860225540515
57 3.1732958877395481 0.17329588773954749
58 2.2678209174156643 0.26782091741566427
59 2.1385310067030572 0.13853100670305721
60 3.2189683654338648 0.21896836543386464
61 3.1966246546753068 0.19662465467530701
62 3.3038744663163837 0.30387446631638354
63 2.1742809439167492 0.17428094391674939
64 1.0564925357033126 0.056492535703312495
65 2.1569024642275352 0.15690246422753551
66 2.1408920086941134 0.14089200869411353
67 2.1877120498422991 0.18771204984229886
68 3.1685577590420642 0.1685577590420643
69 2.2604983548831905 0.26049835488319023
70 2.2136918130207586 0.21369181302075838
71 3.1918865259778237 0.19188652597782382
72 3.2965519037839095 0.29655190378390955
73 2.1700812389348894 0.1700812389348893
74 1.1036418694861967 0.10364186948619668
75 2.1313076198341476 0.13130761983414746
76 2.2029299579255004 0.20292995792550064
77 2.1546363867699068 0.15463638676990699
78 3.2389835068262198 0.23898350682621991
79 2.1370640700915087 0.13706407009150848
80 1.1821005502336954 0.18210055023369534
81 2.2181540991344146 0.21815409913441464
82 2.1251177921506201 0.12511779215062016
83 1.0451996857741979 0.045199685774197772
0 2 -2
0 4 -2
0 7 -2
0 11 -2
0 16 -2
0 22 -2
1 2 2
1 5 -2
1 8 -2
1 12 -2
1 17 -2
1 23 -2
1 28 -2
1 30 2
1 32 2
1 35 2
1 39 2
1 44 2
2 4 2
2 5 -2
2 7 2
2 8 -2
2 11 2
2 12 -2
2 16 2
2 17 -2
2 22 2
2 23 -2
3 4 2
3 5 2
3 9 -2
3 13 -2
3 18 -2
3 24 -2
3 29 -2
3 30 -2
3 33 2
3 36 2
3 40 2
3 45 2
4 5 2
4 7 2
4 9 -2
4 11 2
4 13 -2
4 16 2
4 18 -2
4 22 2
4 24 -2
4 29 2
4 49 -2
4 51 2
4 53 2
4 56 2
4 60 2
5 8 2
5 9 -2
5 12 2
5 13 -2
5 17 2
5 18 -2
5 23 2
5 24 -2
6 7 2
6 8 2
6 9 2
6 14 -2
6 19 -2
6 25 -2
6 31 -2
6 32 -2
6 33 -2
6 37 2
6 41 2
6 46 2
7 8 2
7 9 2
7 11 2
7 14 -2
7 16 2
7 19 -2
7 22 2
7 25 -2
7 31 2
7 50 -2
7 51 -2
7 54 2
7 57 2
7 61 2
8 9 2
8 12 2
8 14 -2
8 17 2
8 19 -2
8 23 2
8 25 -2
8 32 2
8 50 2
8 64 -2
8 66 2
8 68 2
8 71 2
9 13 2
9 14 -2
9 18 2
9 19 -2
9 24 2
9 25 -2
10 11 2
10 12 2
10 13 2
10 14 2
10 20 -2
10 26 -2
10 34 -2
10 35 -2
10 36 -2
10 37 -2
10 42 2
10 47 2
11 12 2
11 13 2
11 14 2
11 16 2
11 20 -2
11 22 2
11 26 -2
11 34 2
11 52 -2
11 53 -2
11 54 -2
11 58 2
11 62 2
12 13 2
12 14 2
12 17 2
12 20 -2
12 23 2
12 26 -2
12 35 2
12 52 2
12 65 -2
12 66 -2
12 69 2
12 72 2
13 14 2
13 18 2
13 20 -2
13 24 2
13 26 -2
13 36 2
13 53 2
13 65 2
13 74 -2
13 76 2
13 78 2
14 19 2
14 20 -2
14 25 2
14 26 -2
15 16 2
15 17 2
15 18 2
15 19 2
15 20 2
15 27 -2
15 38 -2
15 39 -2
15 40 -2
15 41 -2
15 42 -2
15 48 2
16 17 2
16 18 2
16 19 2
16 20 2
16 22 2
16 27 -2
16 38 2
16 55 -2
16 56 -2
16 57 -2
16 58 -2
16 63 2
17 18 2
17 19 2
17 20 2
17 23 2
17 27 -2
17 39 2
17 55 2
17 67 -2
17 68 -2
17 69 -2
17 73 2
18 19 2
18 20 2
18 24 2
18 27 -2
18 40 2
18 56 2
18 67 2
18 75 -2
18 76 -2
18 79 2
19 20 2
19 25 2
19 27 -2
19 41 2
19 57 2
19 68 2
19 75 2
19 80 -2
19 82 2
20 26 2
20 27 -2
21 22 2
21 23 2
21 24 2
21 25 2
21 26 2
21 27 2
21 43 -2
21 44 -2
21 45 -2
21 46 -2
21 47 -2
21 48 -2
22 23 2
22 24 2
22 25 2
22 26 2
22 27 2
22 43 2
22 59 -2
22 60 -2
22 61 -2
22 62 -2
22 63 -2
23 24 2
23 25 2
23 26 2
23 27 2
23 44 2
23 59 2
23 70 -2
23 71 -2
23 72 -2
23 73 -2
24 25 2
24 26 2
24 27 2
24 45 2
24 60 2
24 70 2
24 77 -2
24 78 -2
24 79 -2
25 26 2
25 27 2
25 46 2
25 61 2
25 71 2
25 77 2
25 81 -2
25 82 -2
26 27 2
26 47 2
26 62 2
26 72 2
26 78 2
26 81 2
26 83 -2
28 30 -2
28 32 -2
28 35 -2
28 39 -2
28 44 -2
29 30 2
29 33 -2
29 36 -2
29 40 -2
29 45 -2
29 49 -2
29 51 2
29 53 2
29 56 2
29 60 2
30 32 2
30 33 -2
30 35 2
30 36 -2
30 39 2
30 40 -2
30 44 2
30 45 -2
31 32 2
31 33 2
31 37 -2
31 41 -2
31 46 -2
31 50 -2
31 51 -2
31 54 2
31 57 2
31 61 2
32 33 2
32 35 2
32 37 -2
32 39 2
32 41 -2
32 44 2
32 46 -2
32 50 2
32 64 -2
32 66 2
32 68 2
32 71 2
33 36 2
33 37 -2
33 40 2
33 41 -2
33 45 2
33 46 -2
34 35 2
34 36 2
34 37 2
34 42 -2
34 47 -2
34 52 -2
34 53 -2
34 54 -2
34 58 2
34 62 2
35 36 2
35 37 2
35 39 2
35 42 -2
35 44 2
35 47 -2
35 52 2
35 65 -2
35 66 -2
35 69 2
35 72 2
36 37 2
36 40 2
36 42 -2
36 45 2
36 47 -2
36 53 2
36 65 2
36 74 -2
36 76 2
36 78 2
37 41 2
37 42 -2
37 46 2
37 47 -2
38 39 2
38 40 2
38 41 2
38 42 2
38 48 -2
38 55 -2
38 56 -2
38 57 -2
38 58 -2
38 63 2
39 40 2
39 41 2
39 42 2
39 44 2
39 48 -2
39 55 2
39 67 -2
39 68 -2
39 69 -2
39 73 2
40 41 2
40 42 2
40 45 2
40 48 -2
40 56 2
40 67 2
40 75 -2
40 76 -2
40 79 2
41 42 2
41 46 2
41 48 -2
41 57 2
41 68 2
41 75 2
41 80 -2
41 82 2
42 47 2
42 48 -2
43 44 2
43 45 2
43 46 2
43 47 2
43 48 2
43 59 -2
43 60 -2
43 61 -2
43 62 -2
43 63 -2
44 45 2
44 46 2
44 47 2
44 48 2
44 59 2
44 70 -2
44 71 -2
44 72 -2
44 73 -2
45 46 2
45 47 2
45 48 2
45 60 2
45 70 2
45 77 -2
45 78 -2
45 79 -2
46 47 2
46 48 2
46 61 2
46 71 2
46 77 2
46 81 -2
46 82 -2
47 48 2
47 62 2
47 72 2
47 78 2
47 81 2
47 83 -2
49 51 -2
49 53 -2
49 56 -2
49 60 -2
50 51 2
50 54 -2
50 57 -2
50 61 -2
50 64 -2
50 66 2
50 68 2
50 71 2
51 53 2
51 54 -2
51 56 2
51 57 -2
51 60 2
51 61 -2
52 53 2
52 54 2
52 58 -2
52 62 -2
52 65 -2
52 66 -2
52 69 2
52 72 2
53 54 2
53 56 2
53 58 -2
53 60 2
53 62 -2
53 65 2
53 74 -2
53 76 2
53 78 2
54 57 2
54 58 -2
54 61 2
54 62 -2
55 56 2
55 57 2
55 58 2
55 63 -2
55 67 -2
55 68 -2
55 69 -2
55 73 2
56 57 2
56 58 2
56 60 2
56 63 -2
56 67 2
56 75 -2
56 76 -2
56 79 2
57 58 2
57 61 2
57 63 -2
57 68 2
57 75 2
57 80 -2
57 82 2
58 62 2
58 63 -2
59 60 2
59 61 2
59 62 2
59 63 2
59 70 -2
59 71 -2
59 72 -2
59 73 -2
60 61 2
60 62 2
60 63 2
60 70 2
60 77 -2
60 78 -2
60 79 -2
61 62 2
61 63 2
61 71 2
61 77 2
61 81 -2
61 82 -2
62 63 2
62 72 2
62 78 2
62 81 2
62 83 -2
64 66 -2
64 68 -2
64 71 -2
65 66 2
65 69 -2
65 72 -2
65 74 -2
65 76 2
65 78 2
66 68 2
66 69 -2
66 71 2
66 72 -2
67 68 2
67 69 2
67 73 -2
67 75 -2
67 76 -2
67 79 2
68 69 2
68 71 2
68 73 -2
68 75 2
68 80 -2
68 82 2
69 72 2
69 73 -2
70 71 2
70 72 2
70 73 2
70 77 -2
70 78 -2
70 79 -2
71 72 2
71 73 2
71 77 2
71 81 -2
71 82 -2
72 73 2
72 78 2
72 81 2
72 83 -2
74 76 -2
74 78 -2
75 76 2
75 79 -2
75 80 -2
75 82 2
76 78 2
76 79 -2
77 78 2
77 79 2
77 81 -2
77 82 -2
78 79 2
78 81 2
78 83 -2
80 82 -2
81 82 2
81 83 -2
