286 3630 1 137.41566734766803 121.04517960799967
0 1.0276285353359109 0.027628535335910927
1 2.063715921205731 0.063715921205730885
2 2.0574997337710252 0.057499733771025435
3 2.0937420216800779 0.093742021680077961
4 3.0845964585893388 0.084596458589338661
5 2.0754508954985988 0.075450895498599332
6 2.135741381989877 0.13574138198987665
7 3.1224983203323275 0.1224983203323277
8 3.1092552586747786 0.10925525867477877
9 2.1125660240891659 0.11256602408916599
10 2.1552908195608316 0.15529081956083199
11 3.1401404957012384 0.14014049570123863
12 3.1249901718416453 0.12499017184164526
13 3.1287777528065432 0.12877775280654358
14 2.1287777528065432 0.12877775280654358
15 2.1740355207622448 0.17403552076224518
16 3.1570564455659285 0.15705644556592857
17 3.1400773703696121 0.14007737036961199
18 3.1443221391686911 0.14432213916869113
19 3.1443221391686911 0.14432213916869113
20 2.1570564455659285 0.15705644556592857
21 2.1846900126093711 0.18469001260937112
22 3.1666714747938229 0.16667147479382272
23 3.1486529369782743 0.14865293697827431
24 3.1531575714321614 0.15315757143216141
25 3.1531575714321614 0.15315757143216141
26 3.1666714747938229 0.16667147479382272
27 2.2342409916021291 0.23424099160212924
28 2.2192884378741389 0.21928843787413879
29 3.1978944439351982 0.19789444393519842
30 3.1765004499962584 0.17650044999625802
31 3.1818489484809929 0.18184894848099314
32 3.1818489484809929 0.18184894848099314
33 3.1978944439351982 0.19789444393519842
34 3.2781219212062247 0.27812192120622481
35 2.1978944439351982 0.19789444393519842
36 2.2644125265695698 0.26441252656956998
37 3.2386161825140021 0.23861618251400213
38 3.2128198384584348 0.21281983845843433
39 3.2192689244723267 0.21926892447232629
40 3.2192689244723267 0.21926892447232629
41 3.2386161825140021 0.23861618251400213
42 3.3353524727223816 0.33535247272238139
43 3.2386161825140021 0.23861618251400213
44 2.1999216664306505 0.19992166643065043
45 2.2728598965870002 0.27285989658700022
46 3.2462394188711952 0.2462394188711953
47 3.2196189411553902 0.21961894115539043
48 3.2262740605843416 0.22627406058434163
49 3.2262740605843416 0.22627406058434163
50 3.2462394188711952 0.2462394188711953
51 3.3460662103054637 0.3460662103054637
52 3.2462394188711952 0.2462394188711953
53 3.2063087022974881 0.20630870229748796
54 2.2462394188711952 0.2462394188711953
55 0.29836481378988677 0.29836481378988677
56 1.2692560514689222 0.26925605146892223
57 1.2401472891479577 0.24014728914795766
58 1.2474244797281988 0.24742447972819881
59 1.2474244797281988 0.24742447972819881
60 1.2692560514689222 0.26925605146892223
61 1.3784139101725394 0.37841391017253934
62 1.2692560514689222 0.26925605146892223
63 1.2255929079874754 0.22559290798747539
64 1.2692560514689222 0.26925605146892223
65 0.24742447972819881 0.24742447972819881
66 1.0334825418998916 0.033482541899891485
67 2.0605792667182046 0.060579266718204697
68 2.0540301568027233 0.054030156802723106
69 2.0984811284611937 0.098481128461193751
70 3.0878345199789026 0.087834519978902528
71 2.0904961720994755 0.090496172099475344
72 2.1161233038301046 0.11612330383010465
73 3.1035694331457688 0.10356943314576901
74 3.1067079008168528 0.10670790081685293
75 2.1067079008168528 0.10670790081685293
76 2.1330392536947946 0.13303925369479463
77 3.1186566316737356 0.11865663167373575
78 3.1222522871790006 0.12225228717900048
79 3.1222522871790006 0.12225228717900048
80 2.1330392536947946 0.13303925369479463
81 2.1426542829226887 0.14265428292268875
82 3.1272321982823983 0.12723219828239807
83 3.1310877194424704 0.13108771944247075
84 3.1310877194424704 0.13108771944247075
85 3.1426542829226887 0.14265428292268875
86 2.2004871003237789 0.20048710032377881
87 2.1738772520640643 0.17387725206406446
88 3.1550797113003819 0.15507971130038181
89 3.1597790964913024 0.15977909649130248
90 3.1597790964913024 0.15977909649130248
91 3.1738772520640643 0.17387725206406446
92 3.2443680299278745 0.24436802992787438
93 2.1738772520640643 0.17387725206406446
94 2.2145989906428682 0.21459899064286819
95 3.1913990997625583 0.19139909976255809
96 3.1971990724826358 0.19719907248263563
97 3.1971990724826358 0.19719907248263563
98 3.2145989906428682 0.21459899064286819
99 3.3015985814440314 0.30159858144403101
100 3.2145989906428682 0.21459899064286819
101 2.1797991543224033 0.17979915432240309
102 2.2222222270000618 0.22222222700006136
103 3.1981982024595141 0.19819820245951417
104 3.2042042085946512 0.20420420859465097
105 3.2042042085946512 0.20420420859465097
106 3.2222222270000618 0.22222222700006136
107 3.3123123190271131 0.31231231902711326
108 3.2222222270000618 0.22222222700006136
109 3.1861861901892405 0.1861861901892406
110 2.2222222270000618 0.22222222700006136
111 2.2452388595977881 0.24523885959778829
112 3.2187265504520814 0.21872655045208145
113 3.2253546277385081 0.22535462773850815
114 3.2253546277385081 0.22535462773850815
115 3.2452388595977881 0.24523885959778829
116 3.3446600188941886 0.3446600188941889
117 3.2452388595977881 0.24523885959778829
118 3.2054703958792281 0.205470395879228
119 3.2452388595977881 0.24523885959778829
120 2.2253546277385081 0.22535462773850815
121 1.0532132938867684 0.053213293886768598
122 2.087017657062948 0.08701765706294802
123 2.0896545557618249 0.089654555761825225
124 2.1027525702298142 0.1027525702298145
125 3.1058662844792031 0.10586628447920281
126 2.1058662844792031 0.10586628447920281
127 2.117839768757781 0.11783976875778124
128 3.1214106708413505 0.12141067084135035
129 3.1214106708413505 0.12141067084135035
130 2.1321233770920576 0.13212337709205776
131 2.1264153353664432 0.12641533536644353
132 3.1302461031048203 0.13024610310482063
133 3.1302461031048203 0.13024610310482063
134 3.1417384063199516 0.14173840631995188
135 2.199199922395608 0.19919992239560802
136 2.1542628483844273 0.15426284838442728
137 3.1589374801536523 0.15893748015365236
138 3.1589374801536523 0.15893748015365236
139 3.1729613754613273 0.17296137546132756
140 3.2430808519997036 0.24308085199970358
141 2.1729613754613273 0.17296137546132756
142 2.1905822368466037 0.19058223684660358
143 3.1963574561449857 0.19635745614498551
144 3.1963574561449857 0.19635745614498551
145 3.2136831140401312 0.21368311404013129
146 3.3003114035158601 0.30031140351586016
147 3.2136831140401312 0.21368311404013129
148 2.1790317982498397 0.17903179824983972
149 2.19738133954356 0.19738133954355963
150 3.2033625922570006 0.20336259225700087
151 3.2033625922570006 0.20336259225700087
152 3.2213063503973247 0.22130635039732446
153 3.3110251410989426 0.31102514109894247
154 3.2213063503973247 0.22130635039732446
155 3.1854188341166774 0.18541883411667726
156 2.2213063503973247 0.22130635039732446
157 2.2179096875361273 0.21790968753612691
158 3.2245130114008584 0.22451301140085803
159 3.2245130114008584 0.22451301140085803
160 3.2443229829950515 0.24432298299505137
161 3.3433728409660182 0.34337284096601817
162 3.2443229829950515 0.24432298299505137
163 3.2047030398066649 0.20470303980666466
164 3.2443229829950515 0.24432298299505137
165 2.2245130114008584 0.22451301140085803
166 1.0597284308941695 0.05972843089416964
167 2.0759401596115477 0.075940159611547223
168 2.0759401596115477 0.075940159611547223
169 2.0914845459736946 0.091484545973694778
170 3.0914845459736946 0.091484545973694778
171 2.0995567117949032 0.099556711794903135
172 2.1003199782371649 0.10031997823716506
173 3.1003199782371649 0.10031997823716506
174 3.1091717410227973 0.10917174102279727
175 2.1534305549509583 0.15343055495095831
176 2.1290113552859968 0.12901135528599678
177 3.1290113552859968 0.12901135528599678
178 3.1403947101641729 0.14039471016417296
179 3.1973114845550539 0.19731148455505387
180 2.1403947101641729 0.14039471016417296
181 2.1664313312773298 0.16643133127732992
182 3.1664313312773298 0.16643133127732992
183 3.1811164487429764 0.18111644874297667
184 3.2545420360712103 0.25454203607121045
185 3.1811164487429764 0.18111644874297667
186 2.1517462138116832 0.15174621381168316
187 2.1734364673893452 0.17343646738934529
188 3.1734364673893452 0.17343646738934529
189 3.1887396851001699 0.18873968510016986
190 3.2652557736542929 0.26525577365429276
191 3.1887396851001699 0.18873968510016986
192 3.1581332496785204 0.15813324967852069
193 2.1887396851001699 0.18873968510016986
194 2.1945868865332026 0.19458688653320241
195 3.1945868865332026 0.19458688653320241
196 3.2117563176978967 0.21175631769789677
197 3.2976034735213684 0.29760347352136846
198 3.2117563176978967 0.21175631769789677
199 3.1774174553685079 0.17741745536850811
200 3.2117563176978967 0.21175631769789677
201 2.1945868865332026 0.19458688653320241
202 1.0510404665352595 0.051040466535259413
203 2.0665848528974071 0.066584852897406968
204 2.0724599869765901 0.072459986976589938
205 2.0754202851608774 0.075420285160877246
206 3.0820750162044841 0.082075016204484069
207 2.115348671422518 0.11534867142251815
208 2.1041116622097094 0.10411166220970897
209 3.1132979853458598 0.11329798534585976
210 3.1592296010266137 0.15922960102661371
211 2.1132979853458598 0.11329798534585976
212 2.1415316382010419 0.14153163820104211
213 3.1540197239246637 0.15401972392466348
214 3.2164601525427705 0.21646015254277029
215 3.1540197239246637 0.15401972392466348
216 2.1290435524774209 0.12904355247742075
217 2.1485367743130572 0.14853677431305745
218 3.1616429602818563 0.16164296028185665
219 3.2271738901258527 0.2271738901258526
220 3.1616429602818563 0.16164296028185665
221 3.1354305883442581 0.13543058834425828
222 2.1616429602818563 0.16164296028185665
223 2.1696871934569146 0.16968719345691463
224 3.1846595928795836 0.18465959287958356
225 3.2595215899929282 0.25952158999292824
226 3.1846595928795836 0.18465959287958356
227 3.1547147940342457 0.15471479403424568
228 3.1846595928795836 0.18465959287958356
229 2.1696871934569146 0.16968719345691463
230 1.0345581252336009 0.034558125233600884
231 2.0441731544614949 0.044173154461495001
232 2.062081190053993 0.062081190053992985
233 2.0753961236028706 0.075396123602870693
234 3.1059621196580882 0.10596211965808854
235 2.0753961236028706 0.075396123602870693
236 2.1161178621816745 0.11611786218167443
237 3.1631926711742451 0.16319267117424516
238 3.1161178621816745 0.11611786218167443
239 2.0972879385846461 0.097287938584646141
240 2.1237410985388676 0.1237410985388676
241 3.1739064087573277 0.17390640875732744
242 3.1237410985388676 0.1237410985388676
243 3.1036749744514833 0.10367497445148366
244 2.1237410985388676 0.1237410985388676
245 2.1467577311365948 0.14675773113659454
246 3.2062541086244032 0.2062541086244031
247 3.1467577311365948 0.14675773113659454
248 3.1229591801414709 0.12295918014147109
249 3.1467577311365948 0.14675773113659454
250 2.1348584556390331 0.13485845563903281
251 1.0372867814274156 0.037286781427415504
252 2.0811677110315112 0.081167711031511061
253 2.0577539482339597 0.057753948233959802
254 2.1383982625476676 0.13839826254766763
255 3.0984756868127636 0.098475686812763516
256 2.082506656518802 0.082506656518801874
257 2.1491120001307502 0.14911200013074993
258 3.1060989231699567 0.10609892316995669
259 3.0888936923856396 0.088893692385639392
260 2.1060989231699567 0.10609892316995669
261 2.1814596999978257 0.18145969999782563
262 3.1291155557676835 0.1291155557676836
263 3.1081778980756272 0.1081778980756268
264 3.1291155557676835 0.1291155557676836
265 2.1186467269216553 0.11864672692165522
266 1.0408379983692697 0.040837998369269816
267 2.0815597369480736 0.081559736948073544
268 2.0683338336591963 0.068333833659196763
269 2.0891829733052667 0.089182973305266727
270 3.0747208695260344 0.074720869526034281
271 2.0891829733052667 0.089182973305266727
272 2.1121996059029935 0.11219960590299365
273 3.0940050752160215 0.094005075216021694
274 3.1121996059029935 0.11219960590299365
275 2.1031023405595075 0.10310234055950766
276 1.0602779983601502 0.060277998360150332
277 2.0666650342269879 0.066665034226987857
278 2.0795679440773727 0.079567944077372596
279 2.0859492399169755 0.08594923991697527
280 3.1025845766750995 0.10258457667509951
281 2.0942669082960372 0.094266908296037399
282 1.0483449749359968 0.048344974935996911
283 2.0713616075337238 0.071361607533723836
284 2.0655755312472057 0.065575531247205679
285 1.0281555552558723 0.028155555255872527
0 2 -2
0 4 -2
0 7 -2
0 11 -2
0 16 -2
0 22 -2
0 29 -2
0 37 -2
0 46 -2
0 56 -2
1 2 2
1 5 -2
1 8 -2
1 12 -2
1 17 -2
1 23 -2
1 30 -2
1 38 -2
1 47 -2
1 57 -2
1 66 -2
1 68 2
1 70 2
1 73 2
1 77 2
1 82 2
1 88 2
1 95 2
1 103 2
1 112 2
2 4 2
2 5 -2
2 7 2
2 8 -2
2 11 2
2 12 -2
2 16 2
2 17 -2
2 22 2
2 23 -2
2 29 2
2 30 -2
2 37 2
2 38 -2
2 46 2
2 47 -2
2 56 2
2 57 -2
3 4 2
3 5 2
3 9 -2
3 13 -2
3 18 -2
3 24 -2
3 31 -2
3 39 -2
3 48 -2
3 58 -2
3 67 -2
3 68 -2
3 71 2
3 74 2
3 78 2
3 83 2
3 89 2
3 96 2
3 104 2
3 113 2
4 5 2
4 7 2
4 9 -2
4 11 2
4 13 -2
4 16 2
4 18 -2
4 22 2
4 24 -2
4 29 2
4 31 -2
4 37 2
4 39 -2
4 46 2
4 48 -2
4 56 2
4 58 -2
4 67 2
4 121 -2
4 123 2
4 125 2
4 128 2
4 132 2
4 137 2
4 143 2
4 150 2
4 158 2
5 8 2
5 9 -2
5 12 2
5 13 -2
5 17 2
5 18 -2
5 23 2
5 24 -2
5 30 2
5 31 -2
5 38 2
5 39 -2
5 47 2
5 48 -2
5 57 2
5 58 -2
6 7 2
6 8 2
6 9 2
6 14 -2
6 19 -2
6 25 -2
6 32 -2
6 40 -2
6 49 -2
6 59 -2
6 69 -2
6 70 -2
6 71 -2
6 75 2
6 79 2
6 84 2
6 90 2
6 97 2
6 105 2
6 114 2
7 8 2
7 9 2
7 11 2
7 14 -2
7 16 2
7 19 -2
7 22 2
7 25 -2
7 29 2
7 32 -2
7 37 2
7 40 -2
7 46 2
7 49 -2
7 56 2
7 59 -2
7 69 2
7 122 -2
7 123 -2
7 126 2
7 129 2
7 133 2
7 138 2
7 144 2
7 151 2
7 159 2
8 9 2
8 12 2
8 14 -2
8 17 2
8 19 -2
8 23 2
8 25 -2
8 30 2
8 32 -2
8 38 2
8 40 -2
8 47 2
8 49 -2
8 57 2
8 59 -2
8 70 2
8 122 2
8 166 -2
8 168 2
8 170 2
8 173 2
8 177 2
8 182 2
8 188 2
8 195 2
9 13 2
9 14 -2
9 18 2
9 19 -2
9 24 2
9 25 -2
9 31 2
9 32 -2
9 39 2
9 40 -2
9 48 2
9 49 -2
9 58 2
9 59 -2
10 11 2
10 12 2
10 13 2
10 14 2
10 20 -2
10 26 -2
10 33 -2
10 41 -2
10 50 -2
10 60 -2
10 72 -2
10 73 -2
10 74 -2
10 75 -2
10 80 2
10 85 2
10 91 2
10 98 2
10 106 2
10 115 2
11 12 2
11 13 2
11 14 2
11 16 2
11 20 -2
11 22 2
11 26 -2
11 29 2
11 33 -2
11 37 2
11 41 -2
11 46 2
11 50 -2
11 56 2
11 60 -2
11 72 2
11 124 -2
11 125 -2
11 126 -2
11 130 2
11 134 2
11 139 2
11 145 2
11 152 2
11 160 2
12 13 2
12 14 2
12 17 2
12 20 -2
12 23 2
12 26 -2
12 30 2
12 33 -2
12 38 2
12 41 -2
12 47 2
12 50 -2
12 57 2
12 60 -2
12 73 2
12 124 2
12 167 -2
12 168 -2
12 171 2
12 174 2
12 178 2
12 183 2
12 189 2
12 196 2
13 14 2
13 18 2
13 20 -2
13 24 2
13 26 -2
13 31 2
13 33 -2
13 39 2
13 41 -2
13 48 2
13 50 -2
13 58 2
13 60 -2
13 74 2
13 125 2
13 167 2
13 202 -2
13 204 2
13 206 2
13 209 2
13 213 2
13 218 2
13 224 2
14 19 2
14 20 -2
14 25 2
14 26 -2
14 32 2
14 33 -2
14 40 2
14 41 -2
14 49 2
14 50 -2
14 59 2
14 60 -2
15 16 2
15 17 2
15 18 2
15 19 2
15 20 2
15 27 -2
15 34 -2
15 42 -2
15 51 -2
15 61 -2
15 76 -2
15 77 -2
15 78 -2
15 79 -2
15 80 -2
15 86 2
15 92 2
15 99 2
15 107 2
15 116 2
16 17 2
16 18 2
16 19 2
16 20 2
16 22 2
16 27 -2
16 29 2
16 34 -2
16 37 2
16 42 -2
16 46 2
16 51 -2
16 56 2
16 61 -2
16 76 2
16 127 -2
16 128 -2
16 129 -2
16 130 -2
16 135 2
16 140 2
16 146 2
16 153 2
16 161 2
17 18 2
17 19 2
17 20 2
17 23 2
17 27 -2
17 30 2
17 34 -2
17 38 2
17 42 -2
17 47 2
17 51 -2
17 57 2
17 61 -2
17 77 2
17 127 2
17 169 -2
17 170 -2
17 171 -2
17 175 2
17 179 2
17 184 2
17 190 2
17 197 2
18 19 2
18 20 2
18 24 2
18 27 -2
18 31 2
18 34 -2
18 39 2
18 42 -2
18 48 2
18 51 -2
18 58 2
18 61 -2
18 78 2
18 128 2
18 169 2
18 203 -2
18 204 -2
18 207 2
18 210 2
18 214 2
18 219 2
18 225 2
19 20 2
19 25 2
19 27 -2
19 32 2
19 34 -2
19 40 2
19 42 -2
19 49 2
19 51 -2
19 59 2
19 61 -2
19 79 2
19 129 2
19 170 2
19 203 2
19 230 -2
19 232 2
19 234 2
19 237 2
19 241 2
19 246 2
20 26 2
20 27 -2
20 33 2
20 34 -2
20 41 2
20 42 -2
20 50 2
20 51 -2
20 60 2
20 61 -2
21 22 2
21 23 2
21 24 2
21 25 2
21 26 2
21 27 2
21 35 -2
21 43 -2
21 52 -2
21 62 -2
21 81 -2
21 82 -2
21 83 -2
21 84 -2
21 85 -2
21 86 -2
21 93 2
21 100 2
21 108 2
21 117 2
22 23 2
22 24 2
22 25 2
22 26 2
22 27 2
22 29 2
22 35 -2
22 37 2
22 43 -2
22 46 2
22 52 -2
22 56 2
22 62 -2
22 81 2
22 131 -2
22 132 -2
22 133 -2
22 134 -2
22 135 -2
22 141 2
22 147 2
22 154 2
22 162 2
23 24 2
23 25 2
23 26 2
23 27 2
23 30 2
23 35 -2
23 38 2
23 43 -2
23 47 2
23 52 -2
23 57 2
23 62 -2
23 82 2
23 131 2
23 172 -2
23 173 -2
23 174 -2
23 175 -2
23 180 2
23 185 2
23 191 2
23 198 2
24 25 2
24 26 2
24 27 2
24 31 2
24 35 -2
24 39 2
24 43 -2
24 48 2
24 52 -2
24 58 2
24 62 -2
24 83 2
24 132 2
24 172 2
24 205 -2
24 206 -2
24 207 -2
24 211 2
24 215 2
24 220 2
24 226 2
25 26 2
25 27 2
25 32 2
25 35 -2
25 40 2
25 43 -2
25 49 2
25 52 -2
25 59 2
25 62 -2
25 84 2
25 133 2
25 173 2
25 205 2
25 231 -2
25 232 -2
25 235 2
25 238 2
25 242 2
25 247 2
26 27 2
26 33 2
26 35 -2
26 41 2
26 43 -2
26 50 2
26 52 -2
26 60 2
26 62 -2
26 85 2
26 134 2
26 174 2
26 206 2
26 231 2
26 251 -2
26 253 2
26 255 2
26 258 2
26 262 2
27 34 2
27 35 -2
27 42 2
27 43 -2
27 51 2
27 52 -2
27 61 2
27 62 -2
28 29 2
28 30 2
28 31 2
28 32 2
28 33 2
28 34 2
28 35 2
28 44 -2
28 53 -2
28 63 -2
28 87 -2
28 88 -2
28 89 -2
28 90 -2
28 91 -2
28 92 -2
28 93 -2
28 101 2
28 109 2
28 118 2
29 30 2
29 31 2
29 32 2
29 33 2
29 34 2
29 35 2
29 37 2
29 44 -2
29 46 2
29 53 -2
29 56 2
29 63 -2
29 87 2
29 136 -2
29 137 -2
29 138 -2
29 139 -2
29 140 -2
29 141 -2
29 148 2
29 155 2
29 163 2
30 31 2
30 32 2
30 33 2
30 34 2
30 35 2
30 38 2
30 44 -2
30 47 2
30 53 -2
30 57 2
30 63 -2
30 88 2
30 136 2
30 176 -2
30 177 -2
30 178 -2
30 179 -2
30 180 -2
30 186 2
30 192 2
30 199 2
31 32 2
31 33 2
31 34 2
31 35 2
31 39 2
31 44 -2
31 48 2
31 53 -2
31 58 2
31 63 -2
31 89 2
31 137 2
31 176 2
31 208 -2
31 209 -2
31 210 -2
31 211 -2
31 216 2
31 221 2
31 227 2
32 33 2
32 34 2
32 35 2
32 40 2
32 44 -2
32 49 2
32 53 -2
32 59 2
32 63 -2
32 90 2
32 138 2
32 177 2
32 208 2
32 233 -2
32 234 -2
32 235 -2
32 239 2
32 243 2
32 248 2
33 34 2
33 35 2
33 41 2
33 44 -2
33 50 2
33 53 -2
33 60 2
33 63 -2
33 91 2
33 139 2
33 178 2
33 209 2
33 233 2
33 252 -2
33 253 -2
33 256 2
33 259 2
33 263 2
34 35 2
34 42 2
34 44 -2
34 51 2
34 53 -2
34 61 2
34 63 -2
34 92 2
34 140 2
34 179 2
34 210 2
34 234 2
34 252 2
34 266 -2
34 268 2
34 270 2
34 273 2
35 43 2
35 44 -2
35 52 2
35 53 -2
35 62 2
35 63 -2
36 37 2
36 38 2
36 39 2
36 40 2
36 41 2
36 42 2
36 43 2
36 44 2
36 54 -2
36 64 -2
36 94 -2
36 95 -2
36 96 -2
36 97 -2
36 98 -2
36 99 -2
36 100 -2
36 101 -2
36 110 2
36 119 2
37 38 2
37 39 2
37 40 2
37 41 2
37 42 2
37 43 2
37 44 2
37 46 2
37 54 -2
37 56 2
37 64 -2
37 94 2
37 142 -2
37 143 -2
37 144 -2
37 145 -2
37 146 -2
37 147 -2
37 148 -2
37 156 2
37 164 2
38 39 2
38 40 2
38 41 2
38 42 2
38 43 2
38 44 2
38 47 2
38 54 -2
38 57 2
38 64 -2
38 95 2
38 142 2
38 181 -2
38 182 -2
38 183 -2
38 184 -2
38 185 -2
38 186 -2
38 193 2
38 200 2
39 40 2
39 41 2
39 42 2
39 43 2
39 44 2
39 48 2
39 54 -2
39 58 2
39 64 -2
39 96 2
39 143 2
39 181 2
39 212 -2
39 213 -2
39 214 -2
39 215 -2
39 216 -2
39 222 2
39 228 2
40 41 2
40 42 2
40 43 2
40 44 2
40 49 2
40 54 -2
40 59 2
40 64 -2
40 97 2
40 144 2
40 182 2
40 212 2
40 236 -2
40 237 -2
40 238 -2
40 239 -2
40 244 2
40 249 2
41 42 2
41 43 2
41 44 2
41 50 2
41 54 -2
41 60 2
41 64 -2
41 98 2
41 145 2
41 183 2
41 213 2
41 236 2
41 254 -2
41 255 -2
41 256 -2
41 260 2
41 264 2
42 43 2
42 44 2
42 51 2
42 54 -2
42 61 2
42 64 -2
42 99 2
42 146 2
42 184 2
42 214 2
42 237 2
42 254 2
42 267 -2
42 268 -2
42 271 2
42 274 2
43 44 2
43 52 2
43 54 -2
43 62 2
43 64 -2
43 100 2
43 147 2
43 185 2
43 215 2
43 238 2
43 255 2
43 267 2
43 276 -2
43 278 2
43 280 2
44 53 2
44 54 -2
44 63 2
44 64 -2
45 46 2
45 47 2
45 48 2
45 49 2
45 50 2
45 51 2
45 52 2
45 53 2
45 54 2
45 65 -2
45 102 -2
45 103 -2
45 104 -2
45 105 -2
45 106 -2
45 107 -2
45 108 -2
45 109 -2
45 110 -2
45 120 2
46 47 2
46 48 2
46 49 2
46 50 2
46 51 2
46 52 2
46 53 2
46 54 2
46 56 2
46 65 -2
46 102 2
46 149 -2
46 150 -2
46 151 -2
46 152 -2
46 153 -2
46 154 -2
46 155 -2
46 156 -2
46 165 2
47 48 2
47 49 2
47 50 2
47 51 2
47 52 2
47 53 2
47 54 2
47 57 2
47 65 -2
47 103 2
47 149 2
47 187 -2
47 188 -2
47 189 -2
47 190 -2
47 191 -2
47 192 -2
47 193 -2
47 201 2
48 49 2
48 50 2
48 51 2
48 52 2
48 53 2
48 54 2
48 58 2
48 65 -2
48 104 2
48 150 2
48 187 2
48 217 -2
48 218 -2
48 219 -2
48 220 -2
48 221 -2
48 222 -2
48 229 2
49 50 2
49 51 2
49 52 2
49 53 2
49 54 2
49 59 2
49 65 -2
49 105 2
49 151 2
49 188 2
49 217 2
49 240 -2
49 241 -2
49 242 -2
49 243 -2
49 244 -2
49 250 2
50 51 2
50 52 2
50 53 2
50 54 2
50 60 2
50 65 -2
50 106 2
50 152 2
50 189 2
50 218 2
50 240 2
50 257 -2
50 258 -2
50 259 -2
50 260 -2
50 265 2
51 52 2
51 53 2
51 54 2
51 61 2
51 65 -2
51 107 2
51 153 2
51 190 2
51 219 2
51 241 2
51 257 2
51 269 -2
51 270 -2
51 271 -2
51 275 2
52 53 2
52 54 2
52 62 2
52 65 -2
52 108 2
52 154 2
52 191 2
52 220 2
52 242 2
52 258 2
52 269 2
52 277 -2
52 278 -2
52 281 2
53 54 2
53 63 2
53 65 -2
53 109 2
53 155 2
53 192 2
53 221 2
53 243 2
53 259 2
53 270 2
53 277 2
53 282 -2
53 284 2
54 64 2
54 65 -2
55 56 2
55 57 2
55 58 2
55 59 2
55 60 2
55 61 2
55 62 2
55 63 2
55 64 2
55 65 2
55 111 -2
55 112 -2
55 113 -2
55 114 -2
55 115 -2
55 116 -2
55 117 -2
55 118 -2
55 119 -2
55 120 -2
56 57 2
56 58 2
56 59 2
56 60 2
56 61 2
56 62 2
56 63 2
56 64 2
56 65 2
56 111 2
56 157 -2
56 158 -2
56 159 -2
56 160 -2
56 161 -2
56 162 -2
56 163 -2
56 164 -2
56 165 -2
57 58 2
57 59 2
57 60 2
57 61 2
57 62 2
57 63 2
57 64 2
57 65 2
57 112 2
57 157 2
57 194 -2
57 195 -2
57 196 -2
57 197 -2
57 198 -2
57 199 -2
57 200 -2
57 201 -2
58 59 2
58 60 2
58 61 2
58 62 2
58 63 2
58 64 2
58 65 2
58 113 2
58 158 2
58 194 2
58 223 -2
58 224 -2
58 225 -2
58 226 -2
58 227 -2
58 228 -2
58 229 -2
59 60 2
59 61 2
59 62 2
59 63 2
59 64 2
59 65 2
59 114 2
59 159 2
59 195 2
59 223 2
59 245 -2
59 246 -2
59 247 -2
59 248 -2
59 249 -2
59 250 -2
60 61 2
60 62 2
60 63 2
60 64 2
60 65 2
60 115 2
60 160 2
60 196 2
60 224 2
60 245 2
60 261 -2
60 262 -2
60 263 -2
60 264 -2
60 265 -2
61 62 2
61 63 2
61 64 2
61 65 2
61 116 2
61 161 2
61 197 2
61 225 2
61 246 2
61 261 2
61 272 -2
61 273 -2
61 274 -2
61 275 -2
62 63 2
62 64 2
62 65 2
62 117 2
62 162 2
62 198 2
62 226 2
62 247 2
62 262 2
62 272 2
62 279 -2
62 280 -2
62 281 -2
63 64 2
63 65 2
63 118 2
63 163 2
63 199 2
63 227 2
63 248 2
63 263 2
63 273 2
63 279 2
63 283 -2
63 284 -2
64 65 2
64 119 2
64 164 2
64 200 2
64 228 2
64 249 2
64 264 2
64 274 2
64 280 2
64 283 2
64 285 -2
66 68 -2
66 70 -2
66 73 -2
66 77 -2
66 82 -2
66 88 -2
66 95 -2
66 103 -2
66 112 -2
67 68 2
67 71 -2
67 74 -2
67 78 -2
67 83 -2
67 89 -2
67 96 -2
67 104 -2
67 113 -2
67 121 -2
67 123 2
67 125 2
67 128 2
67 132 2
67 137 2
67 143 2
67 150 2
67 158 2
68 70 2
68 71 -2
68 73 2
68 74 -2
68 77 2
68 78 -2
68 82 2
68 83 -2
68 88 2
68 89 -2
68 95 2
68 96 -2
68 103 2
68 104 -2
68 112 2
68 113 -2
69 70 2
69 71 2
69 75 -2
69 79 -2
69 84 -2
69 90 -2
69 97 -2
69 105 -2
69 114 -2
69 122 -2
69 123 -2
69 126 2
69 129 2
69 133 2
69 138 2
69 144 2
69 151 2
69 159 2
70 71 2
70 73 2
70 75 -2
70 77 2
70 79 -2
70 82 2
70 84 -2
70 88 2
70 90 -2
70 95 2
70 97 -2
70 103 2
70 105 -2
70 112 2
70 114 -2
70 122 2
70 166 -2
70 168 2
70 170 2
70 173 2
70 177 2
70 182 2
70 188 2
70 195 2
71 74 2
71 75 -2
71 78 2
71 79 -2
71 83 2
71 84 -2
71 89 2
71 90 -2
71 96 2
71 97 -2
71 104 2
71 105 -2
71 113 2
71 114 -2
72 73 2
72 74 2
72 75 2
72 80 -2
72 85 -2
72 91 -2
72 98 -2
72 106 -2
72 115 -2
72 124 -2
72 125 -2
72 126 -2
72 130 2
72 134 2
72 139 2
72 145 2
72 152 2
72 160 2
73 74 2
73 75 2
73 77 2
73 80 -2
73 82 2
73 85 -2
73 88 2
73 91 -2
73 95 2
73 98 -2
73 103 2
73 106 -2
73 112 2
73 115 -2
73 124 2
73 167 -2
73 168 -2
73 171 2
73 174 2
73 178 2
73 183 2
73 189 2
73 196 2
74 75 2
74 78 2
74 80 -2
74 83 2
74 85 -2
74 89 2
74 91 -2
74 96 2
74 98 -2
74 104 2
74 106 -2
74 113 2
74 115 -2
74 125 2
74 167 2
74 202 -2
74 204 2
74 206 2
74 209 2
74 213 2
74 218 2
74 224 2
75 79 2
75 80 -2
75 84 2
75 85 -2
75 90 2
75 91 -2
75 97 2
75 98 -2
75 105 2
75 106 -2
75 114 2
75 115 -2
76 77 2
76 78 2
76 79 2
76 80 2
76 86 -2
76 92 -2
76 99 -2
76 107 -2
76 116 -2
76 127 -2
76 128 -2
76 129 -2
76 130 -2
76 135 2
76 140 2
76 146 2
76 153 2
76 161 2
77 78 2
77 79 2
77 80 2
77 82 2
77 86 -2
77 88 2
77 92 -2
77 95 2
77 99 -2
77 103 2
77 107 -2
77 112 2
77 116 -2
77 127 2
77 169 -2
77 170 -2
77 171 -2
77 175 2
77 179 2
77 184 2
77 190 2
77 197 2
78 79 2
78 80 2
78 83 2
78 86 -2
78 89 2
78 92 -2
78 96 2
78 99 -2
78 104 2
78 107 -2
78 113 2
78 116 -2
78 128 2
78 169 2
78 203 -2
78 204 -2
78 207 2
78 210 2
78 214 2
78 219 2
78 225 2
79 80 2
79 84 2
79 86 -2
79 90 2
79 92 -2
79 97 2
79 99 -2
79 105 2
79 107 -2
79 114 2
79 116 -2
79 129 2
79 170 2
79 203 2
79 230 -2
79 232 2
79 234 2
79 237 2
79 241 2
79 246 2
80 85 2
80 86 -2
80 91 2
80 92 -2
80 98 2
80 99 -2
80 106 2
80 107 -2
80 115 2
80 116 -2
81 82 2
81 83 2
81 84 2
81 85 2
81 86 2
81 93 -2
81 100 -2
81 108 -2
81 117 -2
81 131 -2
81 132 -2
81 133 -2
81 134 -2
81 135 -2
81 141 2
81 147 2
81 154 2
81 162 2
82 83 2
82 84 2
82 85 2
82 86 2
82 88 2
82 93 -2
82 95 2
82 100 -2
82 103 2
82 108 -2
82 112 2
82 117 -2
82 131 2
82 172 -2
82 173 -2
82 174 -2
82 175 -2
82 180 2
82 185 2
82 191 2
82 198 2
83 84 2
83 85 2
83 86 2
83 89 2
83 93 -2
83 96 2
83 100 -2
83 104 2
83 108 -2
83 113 2
83 117 -2
83 132 2
83 172 2
83 205 -2
83 206 -2
83 207 -2
83 211 2
83 215 2
83 220 2
83 226 2
84 85 2
84 86 2
84 90 2
84 93 -2
84 97 2
84 100 -2
84 105 2
84 108 -2
84 114 2
84 117 -2
84 133 2
84 173 2
84 205 2
84 231 -2
84 232 -2
84 235 2
84 238 2
84 242 2
84 247 2
85 86 2
85 91 2
85 93 -2
85 98 2
85 100 -2
85 106 2
85 108 -2
85 115 2
85 117 -2
85 134 2
85 174 2
85 206 2
85 231 2
85 251 -2
85 253 2
85 255 2
85 258 2
85 262 2
86 92 2
86 93 -2
86 99 2
86 100 -2
86 107 2
86 108 -2
86 116 2
86 117 -2
87 88 2
87 89 2
87 90 2
87 91 2
87 92 2
87 93 2
87 101 -2
87 109 -2
87 118 -2
87 136 -2
87 137 -2
87 138 -2
87 139 -2
87 140 -2
87 141 -2
87 148 2
87 155 2
87 163 2
88 89 2
88 90 2
88 91 2
88 92 2
88 93 2
88 95 2
88 101 -2
88 103 2
88 109 -2
88 112 2
88 118 -2
88 136 2
88 176 -2
88 177 -2
88 178 -2
88 179 -2
88 180 -2
88 186 2
88 192 2
88 199 2
89 90 2
89 91 2
89 92 2
89 93 2
89 96 2
89 101 -2
89 104 2
89 109 -2
89 113 2
89 118 -2
89 137 2
89 176 2
89 208 -2
89 209 -2
89 210 -2
89 211 -2
89 216 2
89 221 2
89 227 2
90 91 2
90 92 2
90 93 2
90 97 2
90 101 -2
90 105 2
90 109 -2
90 114 2
90 118 -2
90 138 2
90 177 2
90 208 2
90 233 -2
90 234 -2
90 235 -2
90 239 2
90 243 2
90 248 2
91 92 2
91 93 2
91 98 2
91 101 -2
91 106 2
91 109 -2
91 115 2
91 118 -2
91 139 2
91 178 2
91 209 2
91 233 2
91 252 -2
91 253 -2
91 256 2
91 259 2
91 263 2
92 93 2
92 99 2
92 101 -2
92 107 2
92 109 -2
92 116 2
92 118 -2
92 140 2
92 179 2
92 210 2
92 234 2
92 252 2
92 266 -2
92 268 2
92 270 2
92 273 2
93 100 2
93 101 -2
93 108 2
93 109 -2
93 117 2
93 118 -2
94 95 2
94 96 2
94 97 2
94 98 2
94 99 2
94 100 2
94 101 2
94 110 -2
94 119 -2
94 142 -2
94 143 -2
94 144 -2
94 145 -2
94 146 -2
94 147 -2
94 148 -2
94 156 2
94 164 2
95 96 2
95 97 2
95 98 2
95 99 2
95 100 2
95 101 2
95 103 2
95 110 -2
95 112 2
95 119 -2
95 142 2
95 181 -2
95 182 -2
95 183 -2
95 184 -2
95 185 -2
95 186 -2
95 193 2
95 200 2
96 97 2
96 98 2
96 99 2
96 100 2
96 101 2
96 104 2
96 110 -2
96 113 2
96 119 -2
96 143 2
96 181 2
96 212 -2
96 213 -2
96 214 -2
96 215 -2
96 216 -2
96 222 2
96 228 2
97 98 2
97 99 2
97 100 2
97 101 2
97 105 2
97 110 -2
97 114 2
97 119 -2
97 144 2
97 182 2
97 212 2
97 236 -2
97 237 -2
97 238 -2
97 239 -2
97 244 2
97 249 2
98 99 2
98 100 2
98 101 2
98 106 2
98 110 -2
98 115 2
98 119 -2
98 145 2
98 183 2
98 213 2
98 236 2
98 254 -2
98 255 -2
98 256 -2
98 260 2
98 264 2
99 100 2
99 101 2
99 107 2
99 110 -2
99 116 2
99 119 -2
99 146 2
99 184 2
99 214 2
99 237 2
99 254 2
99 267 -2
99 268 -2
99 271 2
99 274 2
100 101 2
100 108 2
100 110 -2
100 117 2
100 119 -2
100 147 2
100 185 2
100 215 2
100 238 2
100 255 2
100 267 2
100 276 -2
100 278 2
100 280 2
101 109 2
101 110 -2
101 118 2
101 119 -2
102 103 2
102 104 2
102 105 2
102 106 2
102 107 2
102 108 2
102 109 2
102 110 2
102 120 -2
102 149 -2
102 150 -2
102 151 -2
102 152 -2
102 153 -2
102 154 -2
102 155 -2
102 156 -2
102 165 2
103 104 2
103 105 2
103 106 2
103 107 2
103 108 2
103 109 2
103 110 2
103 112 2
103 120 -2
103 149 2
103 187 -2
103 188 -2
103 189 -2
103 190 -2
103 191 -2
103 192 -2
103 193 -2
103 201 2
104 105 2
104 106 2
104 107 2
104 108 2
104 109 2
104 110 2
104 113 2
104 120 -2
104 150 2
104 187 2
104 217 -2
104 218 -2
104 219 -2
104 220 -2
104 221 -2
104 222 -2
104 229 2
105 106 2
105 107 2
105 108 2
105 109 2
105 110 2
105 114 2
105 120 -2
105 151 2
105 188 2
105 217 2
105 240 -2
105 241 -2
105 242 -2
105 243 -2
105 244 -2
105 250 2
106 107 2
106 108 2
106 109 2
106 110 2
106 115 2
106 120 -2
106 152 2
106 189 2
106 218 2
106 240 2
106 257 -2
106 258 -2
106 259 -2
106 260 -2
106 265 2
107 108 2
107 109 2
107 110 2
107 116 2
107 120 -2
107 153 2
107 190 2
107 219 2
107 241 2
107 257 2
107 269 -2
107 270 -2
107 271 -2
107 275 2
108 109 2
108 110 2
108 117 2
108 120 -2
108 154 2
108 191 2
108 220 2
108 242 2
108 258 2
108 269 2
108 277 -2
108 278 -2
108 281 2
109 110 2
109 118 2
109 120 -2
109 155 2
109 192 2
109 221 2
109 243 2
109 259 2
109 270 2
109 277 2
109 282 -2
109 284 2
110 119 2
110 120 -2
111 112 2
111 113 2
111 114 2
111 115 2
111 116 2
111 117 2
111 118 2
111 119 2
111 120 2
111 157 -2
111 158 -2
111 159 -2
111 160 -2
111 161 -2
111 162 -2
111 163 -2
111 164 -2
111 165 -2
112 113 2
112 114 2
112 115 2
112 116 2
112 117 2
112 118 2
112 119 2
112 120 2
112 157 2
112 194 -2
112 195 -2
112 196 -2
112 197 -2
112 198 -2
112 199 -2
112 200 -2
112 201 -2
113 114 2
113 115 2
113 116 2
113 117 2
113 118 2
113 119 2
113 120 2
113 158 2
113 194 2
113 223 -2
113 224 -2
113 225 -2
113 226 -2
113 227 -2
113 228 -2
113 229 -2
114 115 2
114 116 2
114 117 2
114 118 2
114 119 2
114 120 2
114 159 2
114 195 2
114 223 2
114 245 -2
114 246 -2
114 247 -2
114 248 -2
114 249 -2
114 250 -2
115 116 2
115 117 2
115 118 2
115 119 2
115 120 2
115 160 2
115 196 2
115 224 2
115 245 2
115 261 -2
115 262 -2
115 263 -2
115 264 -2
115 265 -2
116 117 2
116 118 2
116 119 2
116 120 2
116 161 2
116 197 2
116 225 2
116 246 2
116 261 2
116 272 -2
116 273 -2
116 274 -2
116 275 -2
117 118 2
117 119 2
117 120 2
117 162 2
117 198 2
117 226 2
117 247 2
117 262 2
117 272 2
117 279 -2
117 280 -2
117 281 -2
118 119 2
118 120 2
118 163 2
118 199 2
118 227 2
118 248 2
118 263 2
118 273 2
118 279 2
118 283 -2
118 284 -2
119 120 2
119 164 2
119 200 2
119 228 2
119 249 2
119 264 2
119 274 2
119 280 2
119 283 2
119 285 -2
121 123 -2
121 125 -2
121 128 -2
121 132 -2
121 137 -2
121 143 -2
121 150 -2
121 158 -2
122 123 2
122 126 -2
122 129 -2
122 133 -2
122 138 -2
122 144 -2
122 151 -2
122 159 -2
122 166 -2
122 168 2
122 170 2
122 173 2
122 177 2
122 182 2
122 188 2
122 195 2
123 125 2
123 126 -2
123 128 2
123 129 -2
123 132 2
123 133 -2
123 137 2
123 138 -2
123 143 2
123 144 -2
123 150 2
123 151 -2
123 158 2
123 159 -2
124 125 2
124 126 2
124 130 -2
124 134 -2
124 139 -2
124 145 -2
124 152 -2
124 160 -2
124 167 -2
124 168 -2
124 171 2
124 174 2
124 178 2
124 183 2
124 189 2
124 196 2
125 126 2
125 128 2
125 130 -2
125 132 2
125 134 -2
125 137 2
125 139 -2
125 143 2
125 145 -2
125 150 2
125 152 -2
125 158 2
125 160 -2
125 167 2
125 202 -2
125 204 2
125 206 2
125 209 2
125 213 2
125 218 2
125 224 2
126 129 2
126 130 -2
126 133 2
126 134 -2
126 138 2
126 139 -2
126 144 2
126 145 -2
126 151 2
126 152 -2
126 159 2
126 160 -2
127 128 2
127 129 2
127 130 2
127 135 -2
127 140 -2
127 146 -2
127 153 -2
127 161 -2
127 169 -2
127 170 -2
127 171 -2
127 175 2
127 179 2
127 184 2
127 190 2
127 197 2
128 129 2
128 130 2
128 132 2
128 135 -2
128 137 2
128 140 -2
128 143 2
128 146 -2
128 150 2
128 153 -2
128 158 2
128 161 -2
128 169 2
128 203 -2
128 204 -2
128 207 2
128 210 2
128 214 2
128 219 2
128 225 2
129 130 2
129 133 2
129 135 -2
129 138 2
129 140 -2
129 144 2
129 146 -2
129 151 2
129 153 -2
129 159 2
129 161 -2
129 170 2
129 203 2
129 230 -2
129 232 2
129 234 2
129 237 2
129 241 2
129 246 2
130 134 2
130 135 -2
130 139 2
130 140 -2
130 145 2
130 146 -2
130 152 2
130 153 -2
130 160 2
130 161 -2
131 132 2
131 133 2
131 134 2
131 135 2
131 141 -2
131 147 -2
131 154 -2
131 162 -2
131 172 -2
131 173 -2
131 174 -2
131 175 -2
131 180 2
131 185 2
131 191 2
131 198 2
132 133 2
132 134 2
132 135 2
132 137 2
132 141 -2
132 143 2
132 147 -2
132 150 2
132 154 -2
132 158 2
132 162 -2
132 172 2
132 205 -2
132 206 -2
132 207 -2
132 211 2
132 215 2
132 220 2
132 226 2
133 134 2
133 135 2
133 138 2
133 141 -2
133 144 2
133 147 -2
133 151 2
133 154 -2
133 159 2
133 162 -2
133 173 2
133 205 2
133 231 -2
133 232 -2
133 235 2
133 238 2
133 242 2
133 247 2
134 135 2
134 139 2
134 141 -2
134 145 2
134 147 -2
134 152 2
134 154 -2
134 160 2
134 162 -2
134 174 2
134 206 2
134 231 2
134 251 -2
134 253 2
134 255 2
134 258 2
134 262 2
135 140 2
135 141 -2
135 146 2
135 147 -2
135 153 2
135 154 -2
135 161 2
135 162 -2
136 137 2
136 138 2
136 139 2
136 140 2
136 141 2
136 148 -2
136 155 -2
136 163 -2
136 176 -2
136 177 -2
136 178 -2
136 179 -2
136 180 -2
136 186 2
136 192 2
136 199 2
137 138 2
137 139 2
137 140 2
137 141 2
137 143 2
137 148 -2
137 150 2
137 155 -2
137 158 2
137 163 -2
137 176 2
137 208 -2
137 209 -2
137 210 -2
137 211 -2
137 216 2
137 221 2
137 227 2
138 139 2
138 140 2
138 141 2
138 144 2
138 148 -2
138 151 2
138 155 -2
138 159 2
138 163 -2
138 177 2
138 208 2
138 233 -2
138 234 -2
138 235 -2
138 239 2
138 243 2
138 248 2
139 140 2
139 141 2
139 145 2
139 148 -2
139 152 2
139 155 -2
139 160 2
139 163 -2
139 178 2
139 209 2
139 233 2
139 252 -2
139 253 -2
139 256 2
139 259 2
139 263 2
140 141 2
140 146 2
140 148 -2
140 153 2
140 155 -2
140 161 2
140 163 -2
140 179 2
140 210 2
140 234 2
140 252 2
140 266 -2
140 268 2
140 270 2
140 273 2
141 147 2
141 148 -2
141 154 2
141 155 -2
141 162 2
141 163 -2
142 143 2
142 144 2
142 145 2
142 146 2
142 147 2
142 148 2
142 156 -2
142 164 -2
142 181 -2
142 182 -2
142 183 -2
142 184 -2
142 185 -2
142 186 -2
142 193 2
142 200 2
143 144 2
143 145 2
143 146 2
143 147 2
143 148 2
143 150 2
143 156 -2
143 158 2
143 164 -2
143 181 2
143 212 -2
143 213 -2
143 214 -2
143 215 -2
143 216 -2
143 222 2
143 228 2
144 145 2
144 146 2
144 147 2
144 148 2
144 151 2
144 156 -2
144 159 2
144 164 -2
144 182 2
144 212 2
144 236 -2
144 237 -2
144 238 -2
144 239 -2
144 244 2
144 249 2
145 146 2
145 147 2
145 148 2
145 152 2
145 156 -2
145 160 2
145 164 -2
145 183 2
145 213 2
145 236 2
145 254 -2
145 255 -2
145 256 -2
145 260 2
145 264 2
146 147 2
146 148 2
146 153 2
146 156 -2
146 161 2
146 164 -2
146 184 2
146 214 2
146 237 2
146 254 2
146 267 -2
146 268 -2
146 271 2
146 274 2
147 148 2
147 154 2
147 156 -2
147 162 2
147 164 -2
147 185 2
147 215 2
147 238 2
147 255 2
147 267 2
147 276 -2
147 278 2
147 280 2
148 155 2
148 156 -2
148 163 2
148 164 -2
149 150 2
149 151 2
149 152 2
149 153 2
149 154 2
149 155 2
149 156 2
149 165 -2
149 187 -2
149 188 -2
149 189 -2
149 190 -2
149 191 -2
149 192 -2
149 193 -2
149 201 2
150 151 2
150 152 2
150 153 2
150 154 2
150 155 2
150 156 2
150 158 2
150 165 -2
150 187 2
150 217 -2
150 218 -2
150 219 -2
150 220 -2
150 221 -2
150 222 -2
150 229 2
151 152 2
151 153 2
151 154 2
151 155 2
151 156 2
151 159 2
151 165 -2
151 188 2
151 217 2
151 240 -2
151 241 -2
151 242 -2
151 243 -2
151 244 -2
151 250 2
152 153 2
152 154 2
152 155 2
152 156 2
152 160 2
152 165 -2
152 189 2
152 218 2
152 240 2
152 257 -2
152 258 -2
152 259 -2
152 260 -2
152 265 2
153 154 2
153 155 2
153 156 2
153 161 2
153 165 -2
153 190 2
153 219 2
153 241 2
153 257 2
153 269 -2
153 270 -2
153 271 -2
153 275 2
154 155 2
154 156 2
154 162 2
154 165 -2
154 191 2
154 220 2
154 242 2
154 258 2
154 269 2
154 277 -2
154 278 -2
154 281 2
155 156 2
155 163 2
155 165 -2
155 192 2
155 221 2
155 243 2
155 259 2
155 270 2
155 277 2
155 282 -2
155 284 2
156 164 2
156 165 -2
157 158 2
157 159 2
157 160 2
157 161 2
157 162 2
157 163 2
157 164 2
157 165 2
157 194 -2
157 195 -2
157 196 -2
157 197 -2
157 198 -2
157 199 -2
157 200 -2
157 201 -2
158 159 2
158 160 2
158 161 2
158 162 2
158 163 2
158 164 2
158 165 2
158 194 2
158 223 -2
158 224 -2
158 225 -2
158 226 -2
158 227 -2
158 228 -2
158 229 -2
159 160 2
159 161 2
159 162 2
159 163 2
159 164 2
159 165 2
159 195 2
159 223 2
159 245 -2
159 246 -2
159 247 -2
159 248 -2
159 249 -2
159 250 -2
160 161 2
160 162 2
160 163 2
160 164 2
160 165 2
160 196 2
160 224 2
160 245 2
160 261 -2
160 262 -2
160 263 -2
160 264 -2
160 265 -2
161 162 2
161 163 2
161 164 2
161 165 2
161 197 2
161 225 2
161 246 2
161 261 2
161 272 -2
161 273 -2
161 274 -2
161 275 -2
162 163 2
162 164 2
162 165 2
162 198 2
162 226 2
162 247 2
162 262 2
162 272 2
162 279 -2
162 280 -2
162 281 -2
163 164 2
163 165 2
163 199 2
163 227 2
163 248 2
163 263 2
163 273 2
163 279 2
163 283 -2
163 284 -2
164 165 2
164 200 2
164 228 2
164 249 2
164 264 2
164 274 2
164 280 2
164 283 2
164 285 -2
166 168 -2
166 170 -2
166 173 -2
166 177 -2
166 182 -2
166 188 -2
166 195 -2
167 168 2
167 171 -2
167 174 -2
167 178 -2
167 183 -2
167 189 -2
167 196 -2
167 202 -2
167 204 2
167 206 2
167 209 2
167 213 2
167 218 2
167 224 2
168 170 2
168 171 -2
168 173 2
168 174 -2
168 177 2
168 178 -2
168 182 2
168 183 -2
168 188 2
168 189 -2
168 195 2
168 196 -2
169 170 2
169 171 2
169 175 -2
169 179 -2
169 184 -2
169 190 -2
169 197 -2
169 203 -2
169 204 -2
169 207 2
169 210 2
169 214 2
169 219 2
169 225 2
170 171 2
170 173 2
170 175 -2
170 177 2
170 179 -2
170 182 2
170 184 -2
170 188 2
170 190 -2
170 195 2
170 197 -2
170 203 2
170 230 -2
170 232 2
170 234 2
170 237 2
170 241 2
170 246 2
171 174 2
171 175 -2
171 178 2
171 179 -2
171 183 2
171 184 -2
171 189 2
171 190 -2
171 196 2
171 197 -2
172 173 2
172 174 2
172 175 2
172 180 -2
172 185 -2
172 191 -2
172 198 -2
172 205 -2
172 206 -2
172 207 -2
172 211 2
172 215 2
172 220 2
172 226 2
173 174 2
173 175 2
173 177 2
173 180 -2
173 182 2
173 185 -2
173 188 2
173 191 -2
173 195 2
173 198 -2
173 205 2
173 231 -2
173 232 -2
173 235 2
173 238 2
173 242 2
173 247 2
174 175 2
174 178 2
174 180 -2
174 183 2
174 185 -2
174 189 2
174 191 -2
174 196 2
174 198 -2
174 206 2
174 231 2
174 251 -2
174 253 2
174 255 2
174 258 2
174 262 2
175 179 2
175 180 -2
175 184 2
175 185 -2
175 190 2
175 191 -2
175 197 2
175 198 -2
176 177 2
176 178 2
176 179 2
176 180 2
176 186 -2
176 192 -2
176 199 -2
176 208 -2
176 209 -2
176 210 -2
176 211 -2
176 216 2
176 221 2
176 227 2
177 178 2
177 179 2
177 180 2
177 182 2
177 186 -2
177 188 2
177 192 -2
177 195 2
177 199 -2
177 208 2
177 233 -2
177 234 -2
177 235 -2
177 239 2
177 243 2
177 248 2
178 179 2
178 180 2
178 183 2
178 186 -2
178 189 2
178 192 -2
178 196 2
178 199 -2
178 209 2
178 233 2
178 252 -2
178 253 -2
178 256 2
178 259 2
178 263 2
179 180 2
179 184 2
179 186 -2
179 190 2
179 192 -2
179 197 2
179 199 -2
179 210 2
179 234 2
179 252 2
179 266 -2
179 268 2
179 270 2
179 273 2
180 185 2
180 186 -2
180 191 2
180 192 -2
180 198 2
180 199 -2
181 182 2
181 183 2
181 184 2
181 185 2
181 186 2
181 193 -2
181 200 -2
181 212 -2
181 213 -2
181 214 -2
181 215 -2
181 216 -2
181 222 2
181 228 2
182 183 2
182 184 2
182 185 2
182 186 2
182 188 2
182 193 -2
182 195 2
182 200 -2
182 212 2
182 236 -2
182 237 -2
182 238 -2
182 239 -2
182 244 2
182 249 2
183 184 2
183 185 2
183 186 2
183 189 2
183 193 -2
183 196 2
183 200 -2
183 213 2
183 236 2
183 254 -2
183 255 -2
183 256 -2
183 260 2
183 264 2
184 185 2
184 186 2
184 190 2
184 193 -2
184 197 2
184 200 -2
184 214 2
184 237 2
184 254 2
184 267 -2
184 268 -2
184 271 2
184 274 2
185 186 2
185 191 2
185 193 -2
185 198 2
185 200 -2
185 215 2
185 238 2
185 255 2
185 267 2
185 276 -2
185 278 2
185 280 2
186 192 2
186 193 -2
186 199 2
186 200 -2
187 188 2
187 189 2
187 190 2
187 191 2
187 192 2
187 193 2
187 201 -2
187 217 -2
187 218 -2
187 219 -2
187 220 -2
187 221 -2
187 222 -2
187 229 2
188 189 2
188 190 2
188 191 2
188 192 2
188 193 2
188 195 2
188 201 -2
188 217 2
188 240 -2
188 241 -2
188 242 -2
188 243 -2
188 244 -2
188 250 2
189 190 2
189 191 2
189 192 2
189 193 2
189 196 2
189 201 -2
189 218 2
189 240 2
189 257 -2
189 258 -2
189 259 -2
189 260 -2
189 265 2
190 191 2
190 192 2
190 193 2
190 197 2
190 201 -2
190 219 2
190 241 2
190 257 2
190 269 -2
190 270 -2
190 271 -2
190 275 2
191 192 2
191 193 2
191 198 2
191 201 -2
191 220 2
191 242 2
191 258 2
191 269 2
191 277 -2
191 278 -2
191 281 2
192 193 2
192 199 2
192 201 -2
192 221 2
192 243 2
192 259 2
192 270 2
192 277 2
192 282 -2
192 284 2
193 200 2
193 201 -2
194 195 2
194 196 2
194 197 2
194 198 2
194 199 2
194 200 2
194 201 2
194 223 -2
194 224 -2
194 225 -2
194 226 -2
194 227 -2
194 228 -2
194 229 -2
195 196 2
195 197 2
195 198 2
195 199 2
195 200 2
195 201 2
195 223 2
195 245 -2
195 246 -2
195 247 -2
195 248 -2
195 249 -2
195 250 -2
196 197 2
196 198 2
196 199 2
196 200 2
196 201 2
196 224 2
196 245 2
196 261 -2
196 262 -2
196 263 -2
196 264 -2
196 265 -2
197 198 2
197 199 2
197 200 2
197 201 2
197 225 2
197 246 2
197 261 2
197 272 -2
197 273 -2
197 274 -2
197 275 -2
198 199 2
198 200 2
198 201 2
198 226 2
198 247 2
198 262 2
198 272 2
198 279 -2
198 280 -2
198 281 -2
199 200 2
199 201 2
199 227 2
199 248 2
199 263 2
199 273 2
199 279 2
199 283 -2
199 284 -2
200 201 2
200 228 2
200 249 2
200 264 2
200 274 2
200 280 2
200 283 2
200 285 -2
202 204 -2
202 206 -2
202 209 -2
202 213 -2
202 218 -2
202 224 -2
203 204 2
203 207 -2
203 210 -2
203 214 -2
203 219 -2
203 225 -2
203 230 -2
203 232 2
203 234 2
203 237 2
203 241 2
203 246 2
204 206 2
204 207 -2
204 209 2
204 210 -2
204 213 2
204 214 -2
204 218 2
204 219 -2
204 224 2
204 225 -2
205 206 2
205 207 2
205 211 -2
205 215 -2
205 220 -2
205 226 -2
205 231 -2
205 232 -2
205 235 2
205 238 2
205 242 2
205 247 2
206 207 2
206 209 2
206 211 -2
206 213 2
206 215 -2
206 218 2
206 220 -2
206 224 2
206 226 -2
206 231 2
206 251 -2
206 253 2
206 255 2
206 258 2
206 262 2
207 210 2
207 211 -2
207 214 2
207 215 -2
207 219 2
207 220 -2
207 225 2
207 226 -2
208 209 2
208 210 2
208 211 2
208 216 -2
208 221 -2
208 227 -2
208 233 -2
208 234 -2
208 235 -2
208 239 2
208 243 2
208 248 2
209 210 2
209 211 2
209 213 2
209 216 -2
209 218 2
209 221 -2
209 224 2
209 227 -2
209 233 2
209 252 -2
209 253 -2
209 256 2
209 259 2
209 263 2
210 211 2
210 214 2
210 216 -2
210 219 2
210 221 -2
210 225 2
210 227 -2
210 234 2
210 252 2
210 266 -2
210 268 2
210 270 2
210 273 2
211 215 2
211 216 -2
211 220 2
211 221 -2
211 226 2
211 227 -2
212 213 2
212 214 2
212 215 2
212 216 2
212 222 -2
212 228 -2
212 236 -2
212 237 -2
212 238 -2
212 239 -2
212 244 2
212 249 2
213 214 2
213 215 2
213 216 2
213 218 2
213 222 -2
213 224 2
213 228 -2
213 236 2
213 254 -2
213 255 -2
213 256 -2
213 260 2
213 264 2
214 215 2
214 216 2
214 219 2
214 222 -2
214 225 2
214 228 -2
214 237 2
214 254 2
214 267 -2
214 268 -2
214 271 2
214 274 2
215 216 2
215 220 2
215 222 -2
215 226 2
215 228 -2
215 238 2
215 255 2
215 267 2
215 276 -2
215 278 2
215 280 2
216 221 2
216 222 -2
216 227 2
216 228 -2
217 218 2
217 219 2
217 220 2
217 221 2
217 222 2
217 229 -2
217 240 -2
217 241 -2
217 242 -2
217 243 -2
217 244 -2
217 250 2
218 219 2
218 220 2
218 221 2
218 222 2
218 224 2
218 229 -2
218 240 2
218 257 -2
218 258 -2
218 259 -2
218 260 -2
218 265 2
219 220 2
219 221 2
219 222 2
219 225 2
219 229 -2
219 241 2
219 257 2
219 269 -2
219 270 -2
219 271 -2
219 275 2
220 221 2
220 222 2
220 226 2
220 229 -2
220 242 2
220 258 2
220 269 2
220 277 -2
220 278 -2
220 281 2
221 222 2
221 227 2
221 229 -2
221 243 2
221 259 2
221 270 2
221 277 2
221 282 -2
221 284 2
222 228 2
222 229 -2
223 224 2
223 225 2
223 226 2
223 227 2
223 228 2
223 229 2
223 245 -2
223 246 -2
223 247 -2
223 248 -2
223 249 -2
223 250 -2
224 225 2
224 226 2
224 227 2
224 228 2
224 229 2
224 245 2
224 261 -2
224 262 -2
224 263 -2
224 264 -2
224 265 -2
225 226 2
225 227 2
225 228 2
225 229 2
225 246 2
225 261 2
225 272 -2
225 273 -2
225 274 -2
225 275 -2
226 227 2
226 228 2
226 229 2
226 247 2
226 262 2
226 272 2
226 279 -2
226 280 -2
226 281 -2
227 228 2
227 229 2
227 248 2
227 263 2
227 273 2
227 279 2
227 283 -2
227 284 -2
228 229 2
228 249 2
228 264 2
228 274 2
228 280 2
228 283 2
228 285 -2
230 232 -2
230 234 -2
230 237 -2
230 241 -2
230 246 -2
231 232 2
231 235 -2
231 238 -2
231 242 -2
231 247 -2
231 251 -2
231 253 2
231 255 2
231 258 2
231 262 2
232 234 2
232 235 -2
232 237 2
232 238 -2
232 241 2
232 242 -2
232 246 2
232 247 -2
233 234 2
233 235 2
233 239 -2
233 243 -2
233 248 -2
233 252 -2
233 253 -2
233 256 2
233 259 2
233 263 2
234 235 2
234 237 2
234 239 -2
234 241 2
234 243 -2
234 246 2
234 248 -2
234 252 2
234 266 -2
234 268 2
234 270 2
234 273 2
235 238 2
235 239 -2
235 242 2
235 243 -2
235 247 2
235 248 -2
236 237 2
236 238 2
236 239 2
236 244 -2
236 249 -2
236 254 -2
236 255 -2
236 256 -2
236 260 2
236 264 2
237 238 2
237 239 2
237 241 2
237 244 -2
237 246 2
237 249 -2
237 254 2
237 267 -2
237 268 -2
237 271 2
237 274 2
238 239 2
238 242 2
238 244 -2
238 247 2
238 249 -2
238 255 2
238 267 2
238 276 -2
238 278 2
238 280 2
239 243 2
239 244 -2
239 248 2
239 249 -2
240 241 2
240 242 2
240 243 2
240 244 2
240 250 -2
240 257 -2
240 258 -2
240 259 -2
240 260 -2
240 265 2
241 242 2
241 243 2
241 244 2
241 246 2
241 250 -2
241 257 2
241 269 -2
241 270 -2
241 271 -2
241 275 2
242 243 2
242 244 2
242 247 2
242 250 -2
242 258 2
242 269 2
242 277 -2
242 278 -2
242 281 2
243 244 2
243 248 2
243 250 -2
243 259 2
243 270 2
243 277 2
243 282 -2
243 284 2
244 249 2
244 250 -2
245 246 2
245 247 2
245 248 2
245 249 2
245 250 2
245 261 -2
245 262 -2
245 263 -2
245 264 -2
245 265 -2
246 247 2
246 248 2
246 249 2
246 250 2
246 261 2
246 272 -2
246 273 -2
246 274 -2
246 275 -2
247 248 2
247 249 2
247 250 2
247 262 2
247 272 2
247 279 -2
247 280 -2
247 281 -2
248 249 2
248 250 2
248 263 2
248 273 2
248 279 2
248 283 -2
248 284 -2
249 250 2
249 264 2
249 274 2
249 280 2
249 283 2
249 285 -2
251 253 -2
251 255 -2
251 258 -2
251 262 -2
252 253 2
252 256 -2
252 259 -2
252 263 -2
252 266 -2
252 268 2
252 270 2
252 273 2
253 255 2
253 256 -2
253 258 2
253 259 -2
253 262 2
253 263 -2
254 255 2
254 256 2
254 260 -2
254 264 -2
254 267 -2
254 268 -2
254 271 2
254 274 2
255 256 2
255 258 2
255 260 -2
255 262 2
255 264 -2
255 267 2
255 276 -2
255 278 2
255 280 2
256 259 2
256 260 -2
256 263 2
256 264 -2
257 258 2
257 259 2
257 260 2
257 265 -2
257 269 -2
257 270 -2
257 271 -2
257 275 2
258 259 2
258 260 2
258 262 2
258 265 -2
258 269 2
258 277 -2
258 278 -2
258 281 2
259 260 2
259 263 2
259 265 -2
259 270 2
259 277 2
259 282 -2
259 284 2
260 264 2
260 265 -2
261 262 2
261 263 2
261 264 2
261 265 2
261 272 -2
261 273 -2
261 274 -2
261 275 -2
262 263 2
262 264 2
262 265 2
262 272 2
262 279 -2
262 280 -2
262 281 -2
263 264 2
263 265 2
263 273 2
263 279 2
263 283 -2
263 284 -2
264 265 2
264 274 2
264 280 2
264 283 2
264 285 -2
266 268 -2
266 270 -2
266 273 -2
267 268 2
267 271 -2
267 274 -2
267 276 -2
267 278 2
267 280 2
268 270 2
268 271 -2
268 273 2
268 274 -2
269 270 2
269 271 2
269 275 -2
269 277 -2
269 278 -2
269 281 2
270 271 2
270 273 2
270 275 -2
270 277 2
270 282 -2
270 284 2
271 274 2
271 275 -2
272 273 2
272 274 2
272 275 2
272 279 -2
272 280 -2
272 281 -2
273 274 2
273 275 2
273 279 2
273 283 -2
273 284 -2
274 275 2
274 280 2
274 283 2
274 285 -2
276 278 -2
276 280 -2
277 278 2
277 281 -2
277 282 -2
277 284 2
278 280 2
278 281 -2
279 280 2
279 281 2
279 283 -2
279 284 -2
280 281 2
280 283 2
280 285 -2
282 284 -2
283 284 2
283 285 -2
