10 18 1 104.98627025592938 93.68056874637989
0 1.2409004762686404 0.24090047626864045
1 2.391797133016988 0.39179713301698821
2 2.2037345091688341 0.20373450916883387
3 0.71437912611972376 0.71437912611972376
4 1.3714771455822565 0.37147714558225636
5 0.44767758570169369 0.44767758570169358
6 1.1128206491939012 0.11282064919390132
7 2.2805632856073239 0.28056328560732385
8 2.3381147288088262 0.33811472880882615
9 1.2967132872400122 0.29671328724001228
0 2 -2
0 4 -2
1 2 2
1 5 -2
1 6 -2
1 8 2
2 4 2
2 5 -2
3 4 2
3 5 2
3 7 -2
3 8 -2
4 5 2
4 7 2
4 9 -2
6 8 -2
7 8 2
7 9 -2
