120 1008 1 120.1332758381798 109.21206894379981
0 1.0659294817665212 0.065929481766521275
1 2.3029103540205873 0.30291035402058741
2 2.3314868025130959 0.33148680251309565
3 2.3185816070454512 0.31858160704545108
4 3.3486364756346441 0.34863647563464456
5 2.1923511589708387 0.19235115897083838
6 2.3194699351908259 0.31946993519082595
7 3.3496086083220358 0.34960860832203594
8 3.1928875080397439 0.19288750803974394
9 2.3315254044433096 0.33152540444330991
10 2.3330621843466526 0.33306218434665241
11 3.3644831451340722 0.36448314513407248
12 3.2010941490394882 0.20109414903948825
13 3.3456305686616203 0.3456305686616204
14 2.4021882980789764 0.40218829807897649
15 2.3835482943527908 0.38354829435279059
16 3.4197320957068271 0.41973209570682746
17 3.2315763286658354 0.23157632866583583
18 3.3980218148944048 0.39802181489440536
19 3.4631526573316713 0.46315265733167166
20 2.289470410832295 0.2894704108322948
21 2.4406449311840439 0.44064493118404346
22 3.4822152077108397 0.48221520771084003
23 3.2660497697714974 0.26604976977149791
24 3.4572730417947621 0.45727304179476208
25 3.5320995395429957 0.53209953954299583
26 3.3325622122143725 0.33256221221437243
27 2.3076200462982945 0.30762004629829448
28 0.44117668173297214 0.44117668173297214
29 1.4827971234058941 0.48279712340589404
30 1.2663708267067002 0.26637082670670015
31 1.4578248584021409 0.45782485840214088
32 1.5327416534134004 0.5327416534134003
33 1.3329635333833751 0.3329635333833752
34 1.307991268379622 0.30799126837962204
35 0.29966718004503767 0.29966718004503767
36 1.3273486723243098 0.32734867232430986
37 2.3444983454458588 0.34449834544585878
38 2.1900680526597838 0.19006805265978416
39 2.34547047813325 0.34547047813325016
40 3.1906044017286899 0.19060440172868973
41 2.3276013154711852 0.32760131547118548
42 2.3603450149452865 0.3603450149452867
43 3.1988110427284338 0.19881104272843403
44 3.341706479689496 0.34170647968949602
45 2.3976220854568679 0.39762208545686806
46 2.4155939655180418 0.41559396551804167
47 3.229293222354781 0.22929322235478161
48 3.3940977259222804 0.39409772592228087
49 3.4585864447095633 0.45858644470956322
50 2.2866165279434774 0.28661652794347703
51 2.4780770775220544 0.47807707752205419
52 3.2637666634604434 0.2637666634604437
53 3.4533489528226378 0.45334895282263765
54 3.5275333269208873 0.52753332692088739
55 3.3297083293255549 0.32970832932555466
56 2.3049802046261383 0.30498020462613801
57 2.4786589932171084 0.47865899321710825
58 3.2640877203956462 0.26408772039564593
59 3.4539007694300166 0.45390076943001639
60 3.5281754407912915 0.52817544079129186
61 3.3301096504945567 0.33010965049455743
62 3.3053514267074653 0.30535142670746557
63 2.2970986854451012 0.29709868544510165
64 1.1525446794136933 0.15254467941369346
65 2.1530810284825992 0.15308102848259902
66 2.2631080177044676 0.26310801770446707
67 2.1612876694823431 0.16128766948234333
68 3.277213181922777 0.27721318192277761
69 2.322575338964687 0.32257533896468665
70 2.1917698491086908 0.19176984910869091
71 3.3296044281555623 0.32960442815556251
72 3.3835396982173811 0.38353969821738182
73 2.2397123113858637 0.23971231138586366
74 2.2262432902143527 0.22624329021435302
75 3.3888556550559188 0.38885565505591924
76 3.4524865804287055 0.45248658042870604
77 3.2828041127679413 0.28280411276794126
78 2.2615938043103458 0.26159380431034568
79 2.2265643471495555 0.22656434714955523
80 3.3894074716632976 0.38940747166329803
81 3.4531286942991106 0.45312869429911046
82 3.2832054339369443 0.28320543393694403
83 3.2619650263916737 0.26196502639167324
84 2.2548848905432499 0.25488489054324964
85 1.0171844710257192 0.017184471025719246
86 2.0312896352440299 0.031289635244029779
87 2.0364097573748707 0.03640975737487101
88 2.0836808814768149 0.083680881476814684
89 3.0973741166275661 0.097374116627566176
90 2.0608588228922291 0.060858822892228853
91 2.1429321083771717 0.14293210837717144
92 3.1663209988388901 0.1663209988388904
93 3.1039506242743067 0.1039506242743065
94 2.0961543274537333 0.096154327453733507
95 2.1434839249845505 0.14348392498455026
96 3.1669631127092948 0.16696311270929484
97 3.1043519454433093 0.10435194544330927
98 3.0965255495350612 0.096525549535061067
99 2.0939167508989787 0.093916750898978343
100 1.0174859801372997 0.01748598013729976
101 2.0784503393899949 0.078450339389994919
102 2.0490314621187466 0.049031462118746823
103 2.1473972216013193 0.14739722160131913
104 3.0921232635008247 0.092123263500824448
105 2.0852140187382626 0.08521401873826262
106 2.148039335471724 0.14803933547172357
107 3.0925245846698273 0.092524584669827228
108 3.0855852408195901 0.08558524081959018
109 2.0832721262028446 0.083272126202844507
110 1.0483610257826148 0.048361025782614857
111 2.0914528271646926 0.091452827164692468
112 2.0845938651273408 0.084593865127340531
113 2.0918541483336952 0.091854148333695249
114 3.0849650872086678 0.084965087208668091
115 2.0826687335003258 0.08266873350032572
116 1.0751049364713863 0.075104936471386191
117 2.0754761585527137 0.075476158552713751
118 2.0734362623756133 0.07343626237561339
119 1.0391438102959722 0.039143810295972366
0 2 -2
0 4 -2
0 7 -2
0 11 -2
0 16 -2
0 22 -2
0 29 -2
1 2 2
1 5 -2
1 8 -2
1 12 -2
1 17 -2
1 23 -2
1 30 -2
1 36 -2
1 38 2
1 40 2
1 43 2
1 47 2
1 52 2
1 58 2
2 4 2
2 5 -2
2 7 2
2 8 -2
2 11 2
2 12 -2
2 16 2
2 17 -2
2 22 2
2 23 -2
2 29 2
2 30 -2
3 4 2
3 5 2
3 9 -2
3 13 -2
3 18 -2
3 24 -2
3 31 -2
3 37 -2
3 38 -2
3 41 2
3 44 2
3 48 2
3 53 2
3 59 2
4 5 2
4 7 2
4 9 -2
4 11 2
4 13 -2
4 16 2
4 18 -2
4 22 2
4 24 -2
4 29 2
4 31 -2
4 37 2
4 64 -2
4 66 2
4 68 2
4 71 2
4 75 2
4 80 2
5 8 2
5 9 -2
5 12 2
5 13 -2
5 17 2
5 18 -2
5 23 2
5 24 -2
5 30 2
5 31 -2
6 7 2
6 8 2
6 9 2
6 14 -2
6 19 -2
6 25 -2
6 32 -2
6 39 -2
6 40 -2
6 41 -2
6 45 2
6 49 2
6 54 2
6 60 2
7 8 2
7 9 2
7 11 2
7 14 -2
7 16 2
7 19 -2
7 22 2
7 25 -2
7 29 2
7 32 -2
7 39 2
7 65 -2
7 66 -2
7 69 2
7 72 2
7 76 2
7 81 2
8 9 2
8 12 2
8 14 -2
8 17 2
8 19 -2
8 23 2
8 25 -2
8 30 2
8 32 -2
8 40 2
8 65 2
8 85 -2
8 87 2
8 89 2
8 92 2
8 96 2
9 13 2
9 14 -2
9 18 2
9 19 -2
9 24 2
9 25 -2
9 31 2
9 32 -2
10 11 2
10 12 2
10 13 2
10 14 2
10 20 -2
10 26 -2
10 33 -2
10 42 -2
10 43 -2
10 44 -2
10 45 -2
10 50 2
10 55 2
10 61 2
11 12 2
11 13 2
11 14 2
11 16 2
11 20 -2
11 22 2
11 26 -2
11 29 2
11 33 -2
11 42 2
11 67 -2
11 68 -2
11 69 -2
11 73 2
11 77 2
11 82 2
12 13 2
12 14 2
12 17 2
12 20 -2
12 23 2
12 26 -2
12 30 2
12 33 -2
12 43 2
12 67 2
12 86 -2
12 87 -2
12 90 2
12 93 2
12 97 2
13 14 2
13 18 2
13 20 -2
13 24 2
13 26 -2
13 31 2
13 33 -2
13 44 2
13 68 2
13 86 2
13 100 -2
13 102 2
13 104 2
13 107 2
14 19 2
14 20 -2
14 25 2
14 26 -2
14 32 2
14 33 -2
15 16 2
15 17 2
15 18 2
15 19 2
15 20 2
15 27 -2
15 34 -2
15 46 -2
15 47 -2
15 48 -2
15 49 -2
15 50 -2
15 56 2
15 62 2
16 17 2
16 18 2
16 19 2
16 20 2
16 22 2
16 27 -2
16 29 2
16 34 -2
16 46 2
16 70 -2
16 71 -2
16 72 -2
16 73 -2
16 78 2
16 83 2
17 18 2
17 19 2
17 20 2
17 23 2
17 27 -2
17 30 2
17 34 -2
17 47 2
17 70 2
17 88 -2
17 89 -2
17 90 -2
17 94 2
17 98 2
18 19 2
18 20 2
18 24 2
18 27 -2
18 31 2
18 34 -2
18 48 2
18 71 2
18 88 2
18 101 -2
18 102 -2
18 105 2
18 108 2
19 20 2
19 25 2
19 27 -2
19 32 2
19 34 -2
19 49 2
19 72 2
19 89 2
19 101 2
19 110 -2
19 112 2
19 114 2
20 26 2
20 27 -2
20 33 2
20 34 -2
21 22 2
21 23 2
21 24 2
21 25 2
21 26 2
21 27 2
21 35 -2
21 51 -2
21 52 -2
21 53 -2
21 54 -2
21 55 -2
21 56 -2
21 63 2
22 23 2
22 24 2
22 25 2
22 26 2
22 27 2
22 29 2
22 35 -2
22 51 2
22 74 -2
22 75 -2
22 76 -2
22 77 -2
22 78 -2
22 84 2
23 24 2
23 25 2
23 26 2
23 27 2
23 30 2
23 35 -2
23 52 2
23 74 2
23 91 -2
23 92 -2
23 93 -2
23 94 -2
23 99 2
24 25 2
24 26 2
24 27 2
24 31 2
24 35 -2
24 53 2
24 75 2
24 91 2
24 103 -2
24 104 -2
24 105 -2
24 109 2
25 26 2
25 27 2
25 32 2
25 35 -2
25 54 2
25 76 2
25 92 2
25 103 2
25 111 -2
25 112 -2
25 115 2
26 27 2
26 33 2
26 35 -2
26 55 2
26 77 2
26 93 2
26 104 2
26 111 2
26 116 -2
26 118 2
27 34 2
27 35 -2
28 29 2
28 30 2
28 31 2
28 32 2
28 33 2
28 34 2
28 35 2
28 57 -2
28 58 -2
28 59 -2
28 60 -2
28 61 -2
28 62 -2
28 63 -2
29 30 2
29 31 2
29 32 2
29 33 2
29 34 2
29 35 2
29 57 2
29 79 -2
29 80 -2
29 81 -2
29 82 -2
29 83 -2
29 84 -2
30 31 2
30 32 2
30 33 2
30 34 2
30 35 2
30 58 2
30 79 2
30 95 -2
30 96 -2
30 97 -2
30 98 -2
30 99 -2
31 32 2
31 33 2
31 34 2
31 35 2
31 59 2
31 80 2
31 95 2
31 106 -2
31 107 -2
31 108 -2
31 109 -2
32 33 2
32 34 2
32 35 2
32 60 2
32 81 2
32 96 2
32 106 2
32 113 -2
32 114 -2
32 115 -2
33 34 2
33 35 2
33 61 2
33 82 2
33 97 2
33 107 2
33 113 2
33 117 -2
33 118 -2
34 35 2
34 62 2
34 83 2
34 98 2
34 108 2
34 114 2
34 117 2
34 119 -2
36 38 -2
36 40 -2
36 43 -2
36 47 -2
36 52 -2
36 58 -2
37 38 2
37 41 -2
37 44 -2
37 48 -2
37 53 -2
37 59 -2
37 64 -2
37 66 2
37 68 2
37 71 2
37 75 2
37 80 2
38 40 2
38 41 -2
38 43 2
38 44 -2
38 47 2
38 48 -2
38 52 2
38 53 -2
38 58 2
38 59 -2
39 40 2
39 41 2
39 45 -2
39 49 -2
39 54 -2
39 60 -2
39 65 -2
39 66 -2
39 69 2
39 72 2
39 76 2
39 81 2
40 41 2
40 43 2
40 45 -2
40 47 2
40 49 -2
40 52 2
40 54 -2
40 58 2
40 60 -2
40 65 2
40 85 -2
40 87 2
40 89 2
40 92 2
40 96 2
41 44 2
41 45 -2
41 48 2
41 49 -2
41 53 2
41 54 -2
41 59 2
41 60 -2
42 43 2
42 44 2
42 45 2
42 50 -2
42 55 -2
42 61 -2
42 67 -2
42 68 -2
42 69 -2
42 73 2
42 77 2
42 82 2
43 44 2
43 45 2
43 47 2
43 50 -2
43 52 2
43 55 -2
43 58 2
43 61 -2
43 67 2
43 86 -2
43 87 -2
43 90 2
43 93 2
43 97 2
44 45 2
44 48 2
44 50 -2
44 53 2
44 55 -2
44 59 2
44 61 -2
44 68 2
44 86 2
44 100 -2
44 102 2
44 104 2
44 107 2
45 49 2
45 50 -2
45 54 2
45 55 -2
45 60 2
45 61 -2
46 47 2
46 48 2
46 49 2
46 50 2
46 56 -2
46 62 -2
46 70 -2
46 71 -2
46 72 -2
46 73 -2
46 78 2
46 83 2
47 48 2
47 49 2
47 50 2
47 52 2
47 56 -2
47 58 2
47 62 -2
47 70 2
47 88 -2
47 89 -2
47 90 -2
47 94 2
47 98 2
48 49 2
48 50 2
48 53 2
48 56 -2
48 59 2
48 62 -2
48 71 2
48 88 2
48 101 -2
48 102 -2
48 105 2
48 108 2
49 50 2
49 54 2
49 56 -2
49 60 2
49 62 -2
49 72 2
49 89 2
49 101 2
49 110 -2
49 112 2
49 114 2
50 55 2
50 56 -2
50 61 2
50 62 -2
51 52 2
51 53 2
51 54 2
51 55 2
51 56 2
51 63 -2
51 74 -2
51 75 -2
51 76 -2
51 77 -2
51 78 -2
51 84 2
52 53 2
52 54 2
52 55 2
52 56 2
52 58 2
52 63 -2
52 74 2
52 91 -2
52 92 -2
52 93 -2
52 94 -2
52 99 2
53 54 2
53 55 2
53 56 2
53 59 2
53 63 -2
53 75 2
53 91 2
53 103 -2
53 104 -2
53 105 -2
53 109 2
54 55 2
54 56 2
54 60 2
54 63 -2
54 76 2
54 92 2
54 103 2
54 111 -2
54 112 -2
54 115 2
55 56 2
55 61 2
55 63 -2
55 77 2
55 93 2
55 104 2
55 111 2
55 116 -2
55 118 2
56 62 2
56 63 -2
57 58 2
57 59 2
57 60 2
57 61 2
57 62 2
57 63 2
57 79 -2
57 80 -2
57 81 -2
57 82 -2
57 83 -2
57 84 -2
58 59 2
58 60 2
58 61 2
58 62 2
58 63 2
58 79 2
58 95 -2
58 96 -2
58 97 -2
58 98 -2
58 99 -2
59 60 2
59 61 2
59 62 2
59 63 2
59 80 2
59 95 2
59 106 -2
59 107 -2
59 108 -2
59 109 -2
60 61 2
60 62 2
60 63 2
60 81 2
60 96 2
60 106 2
60 113 -2
60 114 -2
60 115 -2
61 62 2
61 63 2
61 82 2
61 97 2
61 107 2
61 113 2
61 117 -2
61 118 -2
62 63 2
62 83 2
62 98 2
62 108 2
62 114 2
62 117 2
62 119 -2
64 66 -2
64 68 -2
64 71 -2
64 75 -2
64 80 -2
65 66 2
65 69 -2
65 72 -2
65 76 -2
65 81 -2
65 85 -2
65 87 2
65 89 2
65 92 2
65 96 2
66 68 2
66 69 -2
66 71 2
66 72 -2
66 75 2
66 76 -2
66 80 2
66 81 -2
67 68 2
67 69 2
67 73 -2
67 77 -2
67 82 -2
67 86 -2
67 87 -2
67 90 2
67 93 2
67 97 2
68 69 2
68 71 2
68 73 -2
68 75 2
68 77 -2
68 80 2
68 82 -2
68 86 2
68 100 -2
68 102 2
68 104 2
68 107 2
69 72 2
69 73 -2
69 76 2
69 77 -2
69 81 2
69 82 -2
70 71 2
70 72 2
70 73 2
70 78 -2
70 83 -2
70 88 -2
70 89 -2
70 90 -2
70 94 2
70 98 2
71 72 2
71 73 2
71 75 2
71 78 -2
71 80 2
71 83 -2
71 88 2
71 101 -2
71 102 -2
71 105 2
71 108 2
72 73 2
72 76 2
72 78 -2
72 81 2
72 83 -2
72 89 2
72 101 2
72 110 -2
72 112 2
72 114 2
73 77 2
73 78 -2
73 82 2
73 83 -2
74 75 2
74 76 2
74 77 2
74 78 2
74 84 -2
74 91 -2
74 92 -2
74 93 -2
74 94 -2
74 99 2
75 76 2
75 77 2
75 78 2
75 80 2
75 84 -2
75 91 2
75 103 -2
75 104 -2
75 105 -2
75 109 2
76 77 2
76 78 2
76 81 2
76 84 -2
76 92 2
76 103 2
76 111 -2
76 112 -2
76 115 2
77 78 2
77 82 2
77 84 -2
77 93 2
77 104 2
77 111 2
77 116 -2
77 118 2
78 83 2
78 84 -2
79 80 2
79 81 2
79 82 2
79 83 2
79 84 2
79 95 -2
79 96 -2
79 97 -2
79 98 -2
79 99 -2
80 81 2
80 82 2
80 83 2
80 84 2
80 95 2
80 106 -2
80 107 -2
80 108 -2
80 109 -2
81 82 2
81 83 2
81 84 2
81 96 2
81 106 2
81 113 -2
81 114 -2
81 115 -2
82 83 2
82 84 2
82 97 2
82 107 2
82 113 2
82 117 -2
82 118 -2
83 84 2
83 98 2
83 108 2
83 114 2
83 117 2
83 119 -2
85 87 -2
85 89 -2
85 92 -2
85 96 -2
86 87 2
86 90 -2
86 93 -2
86 97 -2
86 100 -2
86 102 2
86 104 2
86 107 2
87 89 2
87 90 -2
87 92 2
87 93 -2
87 96 2
87 97 -2
88 89 2
88 90 2
88 94 -2
88 98 -2
88 101 -2
88 102 -2
88 105 2
88 108 2
89 90 2
89 92 2
89 94 -2
89 96 2
89 98 -2
89 101 2
89 110 -2
89 112 2
89 114 2
90 93 2
90 94 -2
90 97 2
90 98 -2
91 92 2
91 93 2
91 94 2
91 99 -2
91 103 -2
91 104 -2
91 105 -2
91 109 2
92 93 2
92 94 2
92 96 2
92 99 -2
92 103 2
92 111 -2
92 112 -2
92 115 2
93 94 2
93 97 2
93 99 -2
93 104 2
93 111 2
93 116 -2
93 118 2
94 98 2
94 99 -2
95 96 2
95 97 2
95 98 2
95 99 2
95 106 -2
95 107 -2
95 108 -2
95 109 -2
96 97 2
96 98 2
96 99 2
96 106 2
96 113 -2
96 114 -2
96 115 -2
97 98 2
97 99 2
97 107 2
97 113 2
97 117 -2
97 118 -2
98 99 2
98 108 2
98 114 2
98 117 2
98 119 -2
100 102 -2
100 104 -2
100 107 -2
101 102 2
101 105 -2
101 108 -2
101 110 -2
101 112 2
101 114 2
102 104 2
102 105 -2
102 107 2
102 108 -2
103 104 2
103 105 2
103 109 -2
103 111 -2
103 112 -2
103 115 2
104 105 2
104 107 2
104 109 -2
104 111 2
104 116 -2
104 118 2
105 108 2
105 109 -2
106 107 2
106 108 2
106 109 2
106 113 -2
106 114 -2
106 115 -2
107 108 2
107 109 2
107 113 2
107 117 -2
107 118 -2
108 109 2
108 114 2
108 117 2
108 119 -2
110 112 -2
110 114 -2
111 112 2
111 115 -2
111 116 -2
111 118 2
112 114 2
112 115 -2
113 114 2
113 115 2
113 117 -2
113 118 -2
114 115 2
114 117 2
114 119 -2
116 118 -2
117 118 2
117 119 -2
