20 60 1 97.23942568761872 79.294554631044278
0 1.1491583889712651 0.14915838897126507
1 2.1726087247114387 0.17260872471143854
2 2.2081458150932054 0.20814581509320532
3 2.1972278686685631 0.19722786866856315
4 3.2378336063356206 0.23783360633562023
5 2.2262319670021755 0.22623196700217538
6 0.34965241474404496 0.34965241474404496
7 1.4216396766031132 0.42163967660311302
8 1.4010718875005224 0.40107188750052214
9 0.40107188750052231 0.40107188750052214
10 1.132330770076841 0.13233077007684099
11 2.1620185613192562 0.16201856131925593
12 2.1541152168646582 0.15411521686465807
13 2.3458246315867486 0.34582463158674875
14 3.3289551373630055 0.32895513736300491
15 2.3289551373630051 0.32895513736300491
16 1.0551385208292536 0.055138520829253634
17 2.2299784413276003 0.22997844132760045
18 2.2299784413276003 0.22997844132760045
19 1.2030795268021075 0.20307952680210742
0 2 -2
0 4 -2
0 7 -2
1 2 2
1 5 -2
1 8 -2
1 10 -2
1 12 2
1 14 2
2 4 2
2 5 -2
2 7 2
2 8 -2
3 4 2
3 5 2
3 9 -2
3 11 -2
3 12 -2
3 15 2
4 5 2
4 7 2
4 9 -2
4 11 2
4 16 -2
4 18 2
5 8 2
5 9 -2
6 7 2
6 8 2
6 9 2
6 13 -2
6 14 -2
6 15 -2
7 8 2
7 9 2
7 13 2
7 17 -2
7 18 -2
8 9 2
8 14 2
8 17 2
8 19 -2
10 12 -2
10 14 -2
11 12 2
11 15 -2
11 16 -2
11 18 2
12 14 2
12 15 -2
13 14 2
13 15 2
13 17 -2
13 18 -2
14 15 2
14 17 2
14 19 -2
16 18 -2
17 18 2
17 19 -2
