84 588 1 136.46242334557834 123.7464653153867
0 1.3266340630862248 0.32663406308622484
1 2.3293135783283212 0.32931357832832148
2 2.2566708772264854 0.25667087722648585
3 2.335182270721198 0.33518227072119788
4 3.2612450051209336 0.26124500512093368
5 2.2168826457607747 0.21688264576077509
6 2.3810250512965445 0.38102505129654413
7 3.2969754076281887 0.2969754076281888
8 3.2465456214271762 0.24654562142717562
9 2.1849092160703814 0.18490921607038172
10 2.3876389845042558 0.38763898450425605
11 3.302130384981258 0.30213038498125838
12 3.2508252252674601 0.25082522526745982
13 3.1881189189505954 0.18811891895059485
14 2.3249326781873907 0.32493267818739108
15 2.3911048078236687 0.39110480782366885
16 3.3048316884508009 0.30483168845080072
17 3.2530678168270799 0.25306781682707985
18 3.1898008626203098 0.18980086262030987
19 3.3278378536168991 0.32783785361689888
20 2.1782977800372607 0.17829778003726079
21 0.49830567516594926 0.49830567516594926
22 1.3883853056440487 0.38838530564404872
23 1.3224330839309082 0.32243308393090836
24 1.2418248129481813 0.24182481294818126
25 1.4176974041832222 0.41769740418322221
26 1.2271687636785944 0.22716876367859454
27 0.30044901002652818 0.30044901002652824
28 1.2299705992912986 0.22997059929129879
29 2.2345447271857464 0.23454472718574657
30 2.1947163772862797 0.19471637728628016
31 2.2702751296930019 0.27027512969300177
32 3.2243793529526812 0.22437935295268072
33 2.1682845147145104 0.1682845147145105
34 2.2754301070460712 0.27543010704607135
35 3.2286589567929651 0.22865895679296488
36 3.1714942175947236 0.17149421759472366
37 2.2962172849363411 0.29621728493634086
38 2.2781314105156136 0.27813141051561369
39 3.2309015483525849 0.23090154835258495
40 3.1731761612644389 0.17317616126443869
41 3.2991224603658491 0.29912246036584866
42 2.1626806363393212 0.16268063633932123
43 2.3616850277088619 0.36168502770886163
44 3.3002668154564132 0.30026681545641343
45 3.2252001115923101 0.22520011159231007
46 3.388982010932172 0.38898201093217194
47 3.2115516199806549 0.21155161998065489
48 2.2797940780389303 0.27979407803893069
49 1.0055311931755708 0.0055311931755707908
50 2.0351941688419712 0.035194168841971289
51 2.0263956266314782 0.026395626631478469
52 2.0394737726822556 0.039473772682255485
53 3.0296053295116918 0.029605329511691612
54 2.0511364782474675 0.05113647824746733
55 2.0417163642418754 0.041716364241875525
56 3.0312872731814067 0.031287273181406637
57 3.054041653676975 0.05404165367697511
58 2.0293910748067758 0.029391074806775937
59 2.1110816313457041 0.11108163134570402
60 3.0833112235092783 0.083311223509278012
61 3.1439012042432988 0.14390120424329839
62 3.0782620584481095 0.078262058448109656
63 2.1035078837539514 0.10350788375395147
64 1.0250952736463435 0.025095273646343348
65 2.0283049765265564 0.028304976526556492
66 2.0488904140004158 0.048890414000415765
67 2.0299869201962712 0.029986920196271524
68 3.0517955894299238 0.051795589429923537
69 2.0281695310934671 0.02816953109346719
70 2.0820108705241429 0.082010870524142881
71 3.1416551399962471 0.14165513999624679
72 3.0770405147348008 0.077040514734800891
73 2.101892293681511 0.10189229368151086
74 1.043971068906387 0.043971068906386988
75 2.0468762443358943 0.046876244335894768
76 2.0254940977967149 0.025494097796714698
77 2.1367357949022181 0.13673579490221804
78 3.074365081438049 0.074365081438048403
79 2.0983538173858061 0.098353817385805953
80 1.0045951831226596 0.0045951831226597991
81 2.0534661667639935 0.05346616676399351
82 2.0707133173330239 0.070713317333023676
83 1.0667255046636679 0.066725504663667945
0 2 -2
0 4 -2
0 7 -2
0 11 -2
0 16 -2
0 22 -2
1 2 2
1 5 -2
1 8 -2
1 12 -2
1 17 -2
1 23 -2
1 28 -2
1 30 2
1 32 2
1 35 2
1 39 2
1 44 2
2 4 2
2 5 -2
2 7 2
2 8 -2
2 11 2
2 12 -2
2 16 2
2 17 -2
2 22 2
2 23 -2
3 4 2
3 5 2
3 9 -2
3 13 -2
3 18 -2
3 24 -2
3 29 -2
3 30 -2
3 33 2
3 36 2
3 40 2
3 45 2
4 5 2
4 7 2
4 9 -2
4 11 2
4 13 -2
4 16 2
4 18 -2
4 22 2
4 24 -2
4 29 2
4 49 -2
4 51 2
4 53 2
4 56 2
4 60 2
5 8 2
5 9 -2
5 12 2
5 13 -2
5 17 2
5 18 -2
5 23 2
5 24 -2
6 7 2
6 8 2
6 9 2
6 14 -2
6 19 -2
6 25 -2
6 31 -2
6 32 -2
6 33 -2
6 37 2
6 41 2
6 46 2
7 8 2
7 9 2
7 11 2
7 14 -2
7 16 2
7 19 -2
7 22 2
7 25 -2
7 31 2
7 50 -2
7 51 -2
7 54 2
7 57 2
7 61 2
8 9 2
8 12 2
8 14 -2
8 17 2
8 19 -2
8 23 2
8 25 -2
8 32 2
8 50 2
8 64 -2
8 66 2
8 68 2
8 71 2
9 13 2
9 14 -2
9 18 2
9 19 -2
9 24 2
9 25 -2
10 11 2
10 12 2
10 13 2
10 14 2
10 20 -2
10 26 -2
10 34 -2
10 35 -2
10 36 -2
10 37 -2
10 42 2
10 47 2
11 12 2
11 13 2
11 14 2
11 16 2
11 20 -2
11 22 2
11 26 -2
11 34 2
11 52 -2
11 53 -2
11 54 -2
11 58 2
11 62 2
12 13 2
12 14 2
12 17 2
12 20 -2
12 23 2
12 26 -2
12 35 2
12 52 2
12 65 -2
12 66 -2
12 69 2
12 72 2
13 14 2
13 18 2
13 20 -2
13 24 2
13 26 -2
13 36 2
13 53 2
13 65 2
13 74 -2
13 76 2
13 78 2
14 19 2
14 20 -2
14 25 2
14 26 -2
15 16 2
15 17 2
15 18 2
15 19 2
15 20 2
15 27 -2
15 38 -2
15 39 -2
15 40 -2
15 41 -2
15 42 -2
15 48 2
16 17 2
16 18 2
16 19 2
16 20 2
16 22 2
16 27 -2
16 38 2
16 55 -2
16 56 -2
16 57 -2
16 58 -2
16 63 2
17 18 2
17 19 2
17 20 2
17 23 2
17 27 -2
17 39 2
17 55 2
17 67 -2
17 68 -2
17 69 -2
17 73 2
18 19 2
18 20 2
18 24 2
18 27 -2
18 40 2
18 56 2
18 67 2
18 75 -2
18 76 -2
18 79 2
19 20 2
19 25 2
19 27 -2
19 41 2
19 57 2
19 68 2
19 75 2
19 80 -2
19 82 2
20 26 2
20 27 -2
21 22 2
21 23 2
21 24 2
21 25 2
21 26 2
21 27 2
21 43 -2
21 44 -2
21 45 -2
21 46 -2
21 47 -2
21 48 -2
22 23 2
22 24 2
22 25 2
22 26 2
22 27 2
22 43 2
22 59 -2
22 60 -2
22 61 -2
22 62 -2
22 63 -2
23 24 2
23 25 2
23 26 2
23 27 2
23 44 2
23 59 2
23 70 -2
23 71 -2
23 72 -2
23 73 -2
24 25 2
24 26 2
24 27 2
24 45 2
24 60 2
24 70 2
24 77 -2
24 78 -2
24 79 -2
25 26 2
25 27 2
25 46 2
25 61 2
25 71 2
25 77 2
25 81 -2
25 82 -2
26 27 2
26 47 2
26 62 2
26 72 2
26 78 2
26 81 2
26 83 -2
28 30 -2
28 32 -2
28 35 -2
28 39 -2
28 44 -2
29 30 2
29 33 -2
29 36 -2
29 40 -2
29 45 -2
29 49 -2
29 51 2
29 53 2
29 56 2
29 60 2
30 32 2
30 33 -2
30 35 2
30 36 -2
30 39 2
30 40 -2
30 44 2
30 45 -2
31 32 2
31 33 2
31 37 -2
31 41 -2
31 46 -2
31 50 -2
31 51 -2
31 54 2
31 57 2
31 61 2
32 33 2
32 35 2
32 37 -2
32 39 2
32 41 -2
32 44 2
32 46 -2
32 50 2
32 64 -2
32 66 2
32 68 2
32 71 2
33 36 2
33 37 -2
33 40 2
33 41 -2
33 45 2
33 46 -2
34 35 2
34 36 2
34 37 2
34 42 -2
34 47 -2
34 52 -2
34 53 -2
34 54 -2
34 58 2
34 62 2
35 36 2
35 37 2
35 39 2
35 42 -2
35 44 2
35 47 -2
35 52 2
35 65 -2
35 66 -2
35 69 2
35 72 2
36 37 2
36 40 2
36 42 -2
36 45 2
36 47 -2
36 53 2
36 65 2
36 74 -2
36 76 2
36 78 2
37 41 2
37 42 -2
37 46 2
37 47 -2
38 39 2
38 40 2
38 41 2
38 42 2
38 48 -2
38 55 -2
38 56 -2
38 57 -2
38 58 -2
38 63 2
39 40 2
39 41 2
39 42 2
39 44 2
39 48 -2
39 55 2
39 67 -2
39 68 -2
39 69 -2
39 73 2
40 41 2
40 42 2
40 45 2
40 48 -2
40 56 2
40 67 2
40 75 -2
40 76 -2
40 79 2
41 42 2
41 46 2
41 48 -2
41 57 2
41 68 2
41 75 2
41 80 -2
41 82 2
42 47 2
42 48 -2
43 44 2
43 45 2
43 46 2
43 47 2
43 48 2
43 59 -2
43 60 -2
43 61 -2
43 62 -2
43 63 -2
44 45 2
44 46 2
44 47 2
44 48 2
44 59 2
44 70 -2
44 71 -2
44 72 -2
44 73 -2
45 46 2
45 47 2
45 48 2
45 60 2
45 70 2
45 77 -2
45 78 -2
45 79 -2
46 47 2
46 48 2
46 61 2
46 71 2
46 77 2
46 81 -2
46 82 -2
47 48 2
47 62 2
47 72 2
47 78 2
47 81 2
47 83 -2
49 51 -2
49 53 -2
49 56 -2
49 60 -2
50 51 2
50 54 -2
50 57 -2
50 61 -2
50 64 -2
50 66 2
50 68 2
50 71 2
51 53 2
51 54 -2
51 56 2
51 57 -2
51 60 2
51 61 -2
52 53 2
52 54 2
52 58 -2
52 62 -2
52 65 -2
52 66 -2
52 69 2
52 72 2
53 54 2
53 56 2
53 58 -2
53 60 2
53 62 -2
53 65 2
53 74 -2
53 76 2
53 78 2
54 57 2
54 58 -2
54 61 2
54 62 -2
55 56 2
55 57 2
55 58 2
55 63 -2
55 67 -2
55 68 -2
55 69 -2
55 73 2
56 57 2
56 58 2
56 60 2
56 63 -2
56 67 2
56 75 -2
56 76 -2
56 79 2
57 58 2
57 61 2
57 63 -2
57 68 2
57 75 2
57 80 -2
57 82 2
58 62 2
58 63 -2
59 60 2
59 61 2
59 62 2
59 63 2
59 70 -2
59 71 -2
59 72 -2
59 73 -2
60 61 2
60 62 2
60 63 2
60 70 2
60 77 -2
60 78 -2
60 79 -2
61 62 2
61 63 2
61 71 2
61 77 2
61 81 -2
61 82 -2
62 63 2
62 72 2
62 78 2
62 81 2
62 83 -2
64 66 -2
64 68 -2
64 71 -2
65 66 2
65 69 -2
65 72 -2
65 74 -2
65 76 2
65 78 2
66 68 2
66 69 -2
66 71 2
66 72 -2
67 68 2
67 69 2
67 73 -2
67 75 -2
67 76 -2
67 79 2
68 69 2
68 71 2
68 73 -2
68 75 2
68 80 -2
68 82 2
69 72 2
69 73 -2
70 71 2
70 72 2
70 73 2
70 77 -2
70 78 -2
70 79 -2
71 72 2
71 73 2
71 77 2
71 81 -2
71 82 -2
72 73 2
72 78 2
72 81 2
72 83 -2
74 76 -2
74 78 -2
75 76 2
75 79 -2
75 80 -2
75 82 2
76 78 2
76 79 -2
77 78 2
77 79 2
77 81 -2
77 82 -2
78 79 2
78 81 2
78 83 -2
80 82 -2
81 82 2
81 83 -2
