56 315 1 109.83723784686268 99.643799697332199
0 1.1674604446074535 0.16746044460745352
1 2.2301225218659551 0.23012252186595514
2 2.1753314452312038 0.17533144523120389
3 2.2595185752836571 0.25951857528365729
4 3.197728438311358 0.19772843831135795
5 2.3398457533476469 0.33984575334764644
6 2.2988301118313199 0.2988301118313198
7 3.2276800852048151 0.22768008520481509
8 3.3913251464457757 0.39132514644577593
9 2.2205650825421648 0.22056508254216461
10 2.3381898294065788 0.33818982940657882
11 3.2576684414526316 0.25766844145263146
12 3.4428676337467099 0.44286763374671034
13 3.2496163026572367 0.24961630265723675
14 2.2576684414526316 0.25766844145263146
15 0.38238397854247991 0.38238397854247991
16 1.2913401741276038 0.29134017412760371
17 1.5007409242818188 0.50074092428181893
18 1.2822357936861162 0.28223579368611612
19 1.2913401741276038 0.29134017412760371
20 0.34596645677652943 0.34596645677652943
21 1.108551818381047 0.10855181838104702
22 2.130948811461201 0.13094881146120105
23 2.2250682696989394 0.22506826969893931
24 2.1609004583546585 0.16090045835465819
25 3.2765476627970682 0.27654766279706877
26 2.1558723190310749 0.15587231903107512
27 2.1908888146024745 0.19088881460247459
28 3.3280901500980029 0.32809015009800324
29 3.1849235391461477 0.18492353914614726
30 2.1908888146024745 0.19088881460247459
31 2.2245605472774468 0.22456054727744684
32 3.3859634406331121 0.38596344063311178
33 3.2175430301750265 0.21754303017502666
34 3.2245605472774468 0.22456054727744684
35 2.2666656498919684 0.26666564989196817
36 1.120552313980743 0.12055231398074302
37 2.1720317070788724 0.17203170707887247
38 2.0969633258080917 0.096963325808091735
39 2.2235741943798066 0.22357419437980691
40 3.1260145459231641 0.12601454592316391
41 2.1300795312755239 0.13007953127552405
42 2.2814474849149153 0.2814474849149155
43 3.1586340369520434 0.15863403695204328
44 3.1637512639504966 0.16375126395049627
45 2.1944546259412143 0.19445462594121435
46 1.0507127449744358 0.050712744974435821
47 2.0797639650895081 0.079763965089507963
48 2.0823369962214278 0.08233699622142758
49 2.1123834561183874 0.11238345611838736
50 3.1160087288963996 0.11600872889639985
51 2.1377603655644748 0.13776036556447482
52 1.0599400031412736 0.059940003141273547
53 2.0936117358162458 0.093611735816245809
54 2.111163936281792 0.1111639362817919
55 1.0755963555958117 0.075596355595811557
0 2 -2
0 4 -2
0 7 -2
0 11 -2
0 16 -2
1 2 2
1 5 -2
1 8 -2
1 12 -2
1 17 -2
1 21 -2
1 23 2
1 25 2
1 28 2
1 32 2
2 4 2
2 5 -2
2 7 2
2 8 -2
2 11 2
2 12 -2
2 16 2
2 17 -2
3 4 2
3 5 2
3 9 -2
3 13 -2
3 18 -2
3 22 -2
3 23 -2
3 26 2
3 29 2
3 33 2
4 5 2
4 7 2
4 9 -2
4 11 2
4 13 -2
4 16 2
4 18 -2
4 22 2
4 36 -2
4 38 2
4 40 2
4 43 2
5 8 2
5 9 -2
5 12 2
5 13 -2
5 17 2
5 18 -2
6 7 2
6 8 2
6 9 2
6 14 -2
6 19 -2
6 24 -2
6 25 -2
6 26 -2
6 30 2
6 34 2
7 8 2
7 9 2
7 11 2
7 14 -2
7 16 2
7 19 -2
7 24 2
7 37 -2
7 38 -2
7 41 2
7 44 2
8 9 2
8 12 2
8 14 -2
8 17 2
8 19 -2
8 25 2
8 37 2
8 46 -2
8 48 2
8 50 2
9 13 2
9 14 -2
9 18 2
9 19 -2
10 11 2
10 12 2
10 13 2
10 14 2
10 20 -2
10 27 -2
10 28 -2
10 29 -2
10 30 -2
10 35 2
11 12 2
11 13 2
11 14 2
11 16 2
11 20 -2
11 27 2
11 39 -2
11 40 -2
11 41 -2
11 45 2
12 13 2
12 14 2
12 17 2
12 20 -2
12 28 2
12 39 2
12 47 -2
12 48 -2
12 51 2
13 14 2
13 18 2
13 20 -2
13 29 2
13 40 2
13 47 2
13 52 -2
13 54 2
14 19 2
14 20 -2
15 16 2
15 17 2
15 18 2
15 19 2
15 20 2
15 31 -2
15 32 -2
15 33 -2
15 34 -2
15 35 -2
16 17 2
16 18 2
16 19 2
16 20 2
16 31 2
16 42 -2
16 43 -2
16 44 -2
16 45 -2
17 18 2
17 19 2
17 20 2
17 32 2
17 42 2
17 49 -2
17 50 -2
17 51 -2
18 19 2
18 20 2
18 33 2
18 43 2
18 49 2
18 53 -2
18 54 -2
19 20 2
19 34 2
19 44 2
19 50 2
19 53 2
19 55 -2
21 23 -2
21 25 -2
21 28 -2
21 32 -2
22 23 2
22 26 -2
22 29 -2
22 33 -2
22 36 -2
22 38 2
22 40 2
22 43 2
23 25 2
23 26 -2
23 28 2
23 29 -2
23 32 2
23 33 -2
24 25 2
24 26 2
24 30 -2
24 34 -2
24 37 -2
24 38 -2
24 41 2
24 44 2
25 26 2
25 28 2
25 30 -2
25 32 2
25 34 -2
25 37 2
25 46 -2
25 48 2
25 50 2
26 29 2
26 30 -2
26 33 2
26 34 -2
27 28 2
27 29 2
27 30 2
27 35 -2
27 39 -2
27 40 -2
27 41 -2
27 45 2
28 29 2
28 30 2
28 32 2
28 35 -2
28 39 2
28 47 -2
28 48 -2
28 51 2
29 30 2
29 33 2
29 35 -2
29 40 2
29 47 2
29 52 -2
29 54 2
30 34 2
30 35 -2
31 32 2
31 33 2
31 34 2
31 35 2
31 42 -2
31 43 -2
31 44 -2
31 45 -2
32 33 2
32 34 2
32 35 2
32 42 2
32 49 -2
32 50 -2
32 51 -2
33 34 2
33 35 2
33 43 2
33 49 2
33 53 -2
33 54 -2
34 35 2
34 44 2
34 50 2
34 53 2
34 55 -2
36 38 -2
36 40 -2
36 43 -2
37 38 2
37 41 -2
37 44 -2
37 46 -2
37 48 2
37 50 2
38 40 2
38 41 -2
38 43 2
38 44 -2
39 40 2
39 41 2
39 45 -2
39 47 -2
39 48 -2
39 51 2
40 41 2
40 43 2
40 45 -2
40 47 2
40 52 -2
40 54 2
41 44 2
41 45 -2
42 43 2
42 44 2
42 45 2
42 49 -2
42 50 -2
42 51 -2
43 44 2
43 45 2
43 49 2
43 53 -2
43 54 -2
44 45 2
44 50 2
44 53 2
44 55 -2
46 48 -2
46 50 -2
47 48 2
47 51 -2
47 52 -2
47 54 2
48 50 2
48 51 -2
49 50 2
49 51 2
49 53 -2
49 54 -2
50 51 2
50 53 2
50 55 -2
52 54 -2
53 54 2
53 55 -2
