10 18 1 65.00763577558196 59.097850705074507
0 1.6068784225958743 0.60687842259587432
1 2.6283792120728657 0.62837921207286562
2 2.4775682011753779 0.47756820117537785
3 0.76914041563684921 0.76914041563684921
4 1.5845467158840054 0.58454671588400531
5 0.5383982909457945 0.53839829094579439
6 1.0215598731020865 0.021559873102086513
7 2.128538387810714 0.12853838781071392
8 2.1183906203519736 0.11839062035197333
9 1.1135833951286822 0.11358339512868236
0 2 -2
0 4 -2
1 2 2
1 5 -2
1 6 -2
1 8 2
2 4 2
2 5 -2
3 4 2
3 5 2
3 7 -2
3 8 -2
4 5 2
4 7 2
4 9 -2
6 8 -2
7 8 2
7 9 -2
