20 60 1 82.738429851730316 74.546261501295376
0 1.343028095952157 0.34302809595215689
1 2.3565036990685631 0.35650369906856305
2 2.483005011641279 0.48300501164127901
3 2.365380106992145 0.36538010699214535
4 3.4950311126990354 0.49503111269903566
5 2.4243123823134591 0.42431238231345914
6 0.37467474371405046 0.37467474371405046
7 1.5076238463222618 0.50762384632226187
8 1.4351061539905101 0.43510615399051017
9 0.447192436045802 0.44719243604580211
10 1.4432545974606839 0.44325459746068385
11 2.4552806985184406 0.45528069851844061
12 2.3902405987300916 0.39024059873009198
13 2.4678734321416669 0.46787343214166682
14 3.4010343704071428 0.40103437040714296
15 2.4121742140295632 0.41217421402956361
16 1.0259571741109543 0.025957174110954318
17 2.0367509457880058 0.036750945788005383
18 2.0377718053932279 0.037771805393227754
19 1.0216880210284851 0.021688021028484942
0 2 -2
0 4 -2
0 7 -2
1 2 2
1 5 -2
1 8 -2
1 10 -2
1 12 2
1 14 2
2 4 2
2 5 -2
2 7 2
2 8 -2
3 4 2
3 5 2
3 9 -2
3 11 -2
3 12 -2
3 15 2
4 5 2
4 7 2
4 9 -2
4 11 2
4 16 -2
4 18 2
5 8 2
5 9 -2
6 7 2
6 8 2
6 9 2
6 13 -2
6 14 -2
6 15 -2
7 8 2
7 9 2
7 13 2
7 17 -2
7 18 -2
8 9 2
8 14 2
8 17 2
8 19 -2
10 12 -2
10 14 -2
11 12 2
11 15 -2
11 16 -2
11 18 2
12 14 2
12 15 -2
13 14 2
13 15 2
13 17 -2
13 18 -2
14 15 2
14 17 2
14 19 -2
16 18 -2
17 18 2
17 19 -2
