56 315 1 114.63915525720276 103.89239150265161
0 1.145605359381147 0.14560535938114696
1 2.1702265505460518 0.17022655054605187
2 2.2372854947005569 0.23728549470055713
3 2.182475132668205 0.18247513266820478
4 3.2543592758405278 0.25435927584052792
5 2.182475132668205 0.18247513266820478
6 2.2498247987522046 0.24982479875220467
7 3.348240628563679 0.34824062856367921
8 3.2498247987522046 0.24982479875220467
9 2.3028179378814606 0.30281793788146022
10 2.2511142201320546 0.2511142201320542
11 3.3500380038204391 0.35003800382043915
12 3.2511142201320546 0.2511142201320542
13 3.3043808728873389 0.30438087288733845
14 2.243504698309871 0.24350469830987076
15 0.28785976245168304 0.28785976245168304
16 1.401259062811437 0.40125906281143697
17 1.287859762451683 0.28785976245168304
18 1.3489209241838582 0.34892092418385828
19 1.2791367393470867 0.2791367393470866
20 0.46232022454361221 0.46232022454361221
21 1.176531667402019 0.17653166740201895
22 2.1936054485419896 0.19360544854198969
23 2.138890865258384 0.1388908652583839
24 2.2874868012651408 0.28748680126514103
25 3.2062405313423836 0.20624053134238379
26 2.2499885228392529 0.24998852283925305
27 2.289284176521901 0.28928417652190097
28 3.2075299527222332 0.20752995272223332
29 3.2515514578451317 0.25155145784513128
30 2.2012411662761049 0.20124116627610503
31 2.3405052355128984 0.3405052355128988
32 3.2442754950418626 0.24427549504186222
33 3.2960915091416516 0.29609150914165117
34 3.2368732073133204 0.23687320731332093
35 2.3923212496126878 0.39232124961268777
36 1.0368697732870578 0.036869773287057803
37 2.1042194393710578 0.10421943937105767
38 2.1263265931770396 0.12632659317703959
39 2.1055088607509069 0.10550886075090724
40 3.127889528182918 0.12788952818291785
41 2.1023116225463343 0.10231162254633429
42 2.1422544030705364 0.14225440307053613
43 3.1724295794794379 0.17242957947943771
44 3.1379436635835503 0.13794366358355017
45 2.2284691928102549 0.22846919281025499
46 1.0964827250983669 0.096482725098367014
47 2.098045660104245 0.098045660104245272
48 2.0784365280833961 0.078436528083396226
49 2.1425857114007649 0.14258571140076515
50 3.1140685691206125 0.11406856912061211
51 2.188926067606014 0.1889260676060138
52 1.06655911511646 0.066559115116460052
53 2.1021911561536757 0.10219115615367594
54 2.1692541023795258 0.16925410237952576
55 1.0610864568506775 0.061086456850677484
0 2 -2
0 4 -2
0 7 -2
0 11 -2
0 16 -2
1 2 2
1 5 -2
1 8 -2
1 12 -2
1 17 -2
1 21 -2
1 23 2
1 25 2
1 28 2
1 32 2
2 4 2
2 5 -2
2 7 2
2 8 -2
2 11 2
2 12 -2
2 16 2
2 17 -2
3 4 2
3 5 2
3 9 -2
3 13 -2
3 18 -2
3 22 -2
3 23 -2
3 26 2
3 29 2
3 33 2
4 5 2
4 7 2
4 9 -2
4 11 2
4 13 -2
4 16 2
4 18 -2
4 22 2
4 36 -2
4 38 2
4 40 2
4 43 2
5 8 2
5 9 -2
5 12 2
5 13 -2
5 17 2
5 18 -2
6 7 2
6 8 2
6 9 2
6 14 -2
6 19 -2
6 24 -2
6 25 -2
6 26 -2
6 30 2
6 34 2
7 8 2
7 9 2
7 11 2
7 14 -2
7 16 2
7 19 -2
7 24 2
7 37 -2
7 38 -2
7 41 2
7 44 2
8 9 2
8 12 2
8 14 -2
8 17 2
8 19 -2
8 25 2
8 37 2
8 46 -2
8 48 2
8 50 2
9 13 2
9 14 -2
9 18 2
9 19 -2
10 11 2
10 12 2
10 13 2
10 14 2
10 20 -2
10 27 -2
10 28 -2
10 29 -2
10 30 -2
10 35 2
11 12 2
11 13 2
11 14 2
11 16 2
11 20 -2
11 27 2
11 39 -2
11 40 -2
11 41 -2
11 45 2
12 13 2
12 14 2
12 17 2
12 20 -2
12 28 2
12 39 2
12 47 -2
12 48 -2
12 51 2
13 14 2
13 18 2
13 20 -2
13 29 2
13 40 2
13 47 2
13 52 -2
13 54 2
14 19 2
14 20 -2
15 16 2
15 17 2
15 18 2
15 19 2
15 20 2
15 31 -2
15 32 -2
15 33 -2
15 34 -2
15 35 -2
16 17 2
16 18 2
16 19 2
16 20 2
16 31 2
16 42 -2
16 43 -2
16 44 -2
16 45 -2
17 18 2
17 19 2
17 20 2
17 32 2
17 42 2
17 49 -2
17 50 -2
17 51 -2
18 19 2
18 20 2
18 33 2
18 43 2
18 49 2
18 53 -2
18 54 -2
19 20 2
19 34 2
19 44 2
19 50 2
19 53 2
19 55 -2
21 23 -2
21 25 -2
21 28 -2
21 32 -2
22 23 2
22 26 -2
22 29 -2
22 33 -2
22 36 -2
22 38 2
22 40 2
22 43 2
23 25 2
23 26 -2
23 28 2
23 29 -2
23 32 2
23 33 -2
24 25 2
24 26 2
24 30 -2
24 34 -2
24 37 -2
24 38 -2
24 41 2
24 44 2
25 26 2
25 28 2
25 30 -2
25 32 2
25 34 -2
25 37 2
25 46 -2
25 48 2
25 50 2
26 29 2
26 30 -2
26 33 2
26 34 -2
27 28 2
27 29 2
27 30 2
27 35 -2
27 39 -2
27 40 -2
27 41 -2
27 45 2
28 29 2
28 30 2
28 32 2
28 35 -2
28 39 2
28 47 -2
28 48 -2
28 51 2
29 30 2
29 33 2
29 35 -2
29 40 2
29 47 2
29 52 -2
29 54 2
30 34 2
30 35 -2
31 32 2
31 33 2
31 34 2
31 35 2
31 42 -2
31 43 -2
31 44 -2
31 45 -2
32 33 2
32 34 2
32 35 2
32 42 2
32 49 -2
32 50 -2
32 51 -2
33 34 2
33 35 2
33 43 2
33 49 2
33 53 -2
33 54 -2
34 35 2
34 44 2
34 50 2
34 53 2
34 55 -2
36 38 -2
36 40 -2
36 43 -2
37 38 2
37 41 -2
37 44 -2
37 46 -2
37 48 2
37 50 2
38 40 2
38 41 -2
38 43 2
38 44 -2
39 40 2
39 41 2
39 45 -2
39 47 -2
39 48 -2
39 51 2
40 41 2
40 43 2
40 45 -2
40 47 2
40 52 -2
40 54 2
41 44 2
41 45 -2
42 43 2
42 44 2
42 45 2
42 49 -2
42 50 -2
42 51 -2
43 44 2
43 45 2
43 49 2
43 53 -2
43 54 -2
44 45 2
44 50 2
44 53 2
44 55 -2
46 48 -2
46 50 -2
47 48 2
47 51 -2
47 52 -2
47 54 2
48 50 2
48 51 -2
49 50 2
49 51 2
49 53 -2
49 54 -2
50 51 2
50 53 2
50 55 -2
52 54 -2
53 54 2
53 55 -2
