84 588 1 130.72427303275353 113.07587142675325
0 1.0900537489178836 0.090053748917883772
1 2.1587643385125852 0.1587643385125854
2 2.085888904441235 0.085888904441234717
3 2.2525263753266076 0.25252637532660754
4 3.1366126292750502 0.13661262927504997
5 2.1283330759856529 0.12833307598565302
6 2.3183044546253786 0.31830445462537899
7 3.1721974918465166 0.17219749184651648
8 3.161761280219455 0.16176128021945491
9 2.2243785499818243 0.22437854998182452
10 2.3966392773301699 0.39663927733016963
11 3.2145753467523868 0.21457534675238685
12 3.201570780282545 0.20157078028254524
13 3.2795981791015949 0.27959817910159501
14 2.2405844796920698 0.24058447969207011
15 2.4056605642330684 0.40566056423306818
16 3.2194557150769056 0.21945571507690573
17 3.2061553687086084 0.20615536870860843
18 3.2859574469183923 0.28595744691839231
19 3.2460564078135001 0.24605640781350036
20 2.3591093519440278 0.35910935194402754
21 0.46663101339042207 0.46663101339042207
22 1.2524397285554743 0.2524397285554742
23 1.2371403510672636 0.23714035106726367
24 1.328936615996527 0.32893661599652702
25 1.2830384835318953 0.28303848353189531
26 1.4130831921816851 0.4130831921816851
27 0.23714035106726367 0.23714035106726367
28 1.0624105669396144 0.062410566939614387
29 2.1131342917734295 0.11313429177342964
30 2.1062776680295858 0.10627766802958541
31 2.1487191543448958 0.14871915434489616
32 3.139705872263387 0.13970587226338729
33 2.1937855647524409 0.19378556475244046
34 2.1910970092507664 0.1910970092507665
35 3.179515372326478 0.17951537232647763
36 3.2490051938722107 0.2490051938722109
37 2.2142602830993443 0.21426028309934428
38 2.1959773775752853 0.19597737757528541
39 3.1840999607525413 0.18409996075254081
40 3.2553644616890085 0.25536446168900828
41 3.2197322112207751 0.21973221122077455
42 2.320690254214103 0.32069025421410335
43 2.2289613910538537 0.22896139105385388
44 3.2150849431111963 0.21508494311119605
45 3.2983436307671434 0.29834363076714293
46 3.2567142869391699 0.25671428693916953
47 3.3746640944517607 0.37466409445176091
48 2.2150849431111963 0.21508494311119605
49 1.0825680560437778 0.082568056043777649
50 2.1159962602775795 0.11599626027757952
51 2.1608980384495453 0.16089803844954578
52 2.1558057603406695 0.15580576034066987
53 3.2161176675693164 0.21611766756931622
54 2.1859617139549927 0.18596171395499306
55 2.1603903487667333 0.16039034876673305
56 3.2224769353861134 0.22247693538611357
57 3.1914336420764231 0.19143364207642333
58 2.2793896397872122 0.27938963978721237
59 2.1913753311253883 0.19137533112538832
60 3.2654561044642483 0.26545610446424833
61 3.2284157177948183 0.22841571779481831
62 3.3333634800248699 0.33336348002486998
63 2.1913753311253883 0.19137533112538832
64 1.1124627048008218 0.1124627048008217
65 2.1676823339205922 0.16768233392059217
66 2.1442847989549283 0.14428479895492813
67 2.1740416017373896 0.1740416017373895
68 3.1497567270763587 0.14975672707635843
69 2.21856387194928 0.21856387194927984
70 2.2170207708155241 0.21702077081552418
71 3.1867388027947534 0.18673880279475338
72 3.2725377121869377 0.27253771218693734
73 2.1564568347739823 0.15645683477398256
74 1.0874127438382262 0.087412743838226184
75 2.0928846719596566 0.092884671959656467
76 2.1355614131303096 0.13556141313030942
77 2.1298667476780517 0.12986674767805143
78 3.1895352533679673 0.18953525336796698
79 2.1088072750816105 0.10880727508161066
80 1.0773316380133642 0.077331638013364207
81 2.1313054782510217 0.13130547825102173
82 2.0753790708478088 0.075379070847808774
83 1.0355695707847186 0.035569570784718452
0 2 -2
0 4 -2
0 7 -2
0 11 -2
0 16 -2
0 22 -2
1 2 2
1 5 -2
1 8 -2
1 12 -2
1 17 -2
1 23 -2
1 28 -2
1 30 2
1 32 2
1 35 2
1 39 2
1 44 2
2 4 2
2 5 -2
2 7 2
2 8 -2
2 11 2
2 12 -2
2 16 2
2 17 -2
2 22 2
2 23 -2
3 4 2
3 5 2
3 9 -2
3 13 -2
3 18 -2
3 24 -2
3 29 -2
3 30 -2
3 33 2
3 36 2
3 40 2
3 45 2
4 5 2
4 7 2
4 9 -2
4 11 2
4 13 -2
4 16 2
4 18 -2
4 22 2
4 24 -2
4 29 2
4 49 -2
4 51 2
4 53 2
4 56 2
4 60 2
5 8 2
5 9 -2
5 12 2
5 13 -2
5 17 2
5 18 -2
5 23 2
5 24 -2
6 7 2
6 8 2
6 9 2
6 14 -2
6 19 -2
6 25 -2
6 31 -2
6 32 -2
6 33 -2
6 37 2
6 41 2
6 46 2
7 8 2
7 9 2
7 11 2
7 14 -2
7 16 2
7 19 -2
7 22 2
7 25 -2
7 31 2
7 50 -2
7 51 -2
7 54 2
7 57 2
7 61 2
8 9 2
8 12 2
8 14 -2
8 17 2
8 19 -2
8 23 2
8 25 -2
8 32 2
8 50 2
8 64 -2
8 66 2
8 68 2
8 71 2
9 13 2
9 14 -2
9 18 2
9 19 -2
9 24 2
9 25 -2
10 11 2
10 12 2
10 13 2
10 14 2
10 20 -2
10 26 -2
10 34 -2
10 35 -2
10 36 -2
10 37 -2
10 42 2
10 47 2
11 12 2
11 13 2
11 14 2
11 16 2
11 20 -2
11 22 2
11 26 -2
11 34 2
11 52 -2
11 53 -2
11 54 -2
11 58 2
11 62 2
12 13 2
12 14 2
12 17 2
12 20 -2
12 23 2
12 26 -2
12 35 2
12 52 2
12 65 -2
12 66 -2
12 69 2
12 72 2
13 14 2
13 18 2
13 20 -2
13 24 2
13 26 -2
13 36 2
13 53 2
13 65 2
13 74 -2
13 76 2
13 78 2
14 19 2
14 20 -2
14 25 2
14 26 -2
15 16 2
15 17 2
15 18 2
15 19 2
15 20 2
15 27 -2
15 38 -2
15 39 -2
15 40 -2
15 41 -2
15 42 -2
15 48 2
16 17 2
16 18 2
16 19 2
16 20 2
16 22 2
16 27 -2
16 38 2
16 55 -2
16 56 -2
16 57 -2
16 58 -2
16 63 2
17 18 2
17 19 2
17 20 2
17 23 2
17 27 -2
17 39 2
17 55 2
17 67 -2
17 68 -2
17 69 -2
17 73 2
18 19 2
18 20 2
18 24 2
18 27 -2
18 40 2
18 56 2
18 67 2
18 75 -2
18 76 -2
18 79 2
19 20 2
19 25 2
19 27 -2
19 41 2
19 57 2
19 68 2
19 75 2
19 80 -2
19 82 2
20 26 2
20 27 -2
21 22 2
21 23 2
21 24 2
21 25 2
21 26 2
21 27 2
21 43 -2
21 44 -2
21 45 -2
21 46 -2
21 47 -2
21 48 -2
22 23 2
22 24 2
22 25 2
22 26 2
22 27 2
22 43 2
22 59 -2
22 60 -2
22 61 -2
22 62 -2
22 63 -2
23 24 2
23 25 2
23 26 2
23 27 2
23 44 2
23 59 2
23 70 -2
23 71 -2
23 72 -2
23 73 -2
24 25 2
24 26 2
24 27 2
24 45 2
24 60 2
24 70 2
24 77 -2
24 78 -2
24 79 -2
25 26 2
25 27 2
25 46 2
25 61 2
25 71 2
25 77 2
25 81 -2
25 82 -2
26 27 2
26 47 2
26 62 2
26 72 2
26 78 2
26 81 2
26 83 -2
28 30 -2
28 32 -2
28 35 -2
28 39 -2
28 44 -2
29 30 2
29 33 -2
29 36 -2
29 40 -2
29 45 -2
29 49 -2
29 51 2
29 53 2
29 56 2
29 60 2
30 32 2
30 33 -2
30 35 2
30 36 -2
30 39 2
30 40 -2
30 44 2
30 45 -2
31 32 2
31 33 2
31 37 -2
31 41 -2
31 46 -2
31 50 -2
31 51 -2
31 54 2
31 57 2
31 61 2
32 33 2
32 35 2
32 37 -2
32 39 2
32 41 -2
32 44 2
32 46 -2
32 50 2
32 64 -2
32 66 2
32 68 2
32 71 2
33 36 2
33 37 -2
33 40 2
33 41 -2
33 45 2
33 46 -2
34 35 2
34 36 2
34 37 2
34 42 -2
34 47 -2
34 52 -2
34 53 -2
34 54 -2
34 58 2
34 62 2
35 36 2
35 37 2
35 39 2
35 42 -2
35 44 2
35 47 -2
35 52 2
35 65 -2
35 66 -2
35 69 2
35 72 2
36 37 2
36 40 2
36 42 -2
36 45 2
36 47 -2
36 53 2
36 65 2
36 74 -2
36 76 2
36 78 2
37 41 2
37 42 -2
37 46 2
37 47 -2
38 39 2
38 40 2
38 41 2
38 42 2
38 48 -2
38 55 -2
38 56 -2
38 57 -2
38 58 -2
38 63 2
39 40 2
39 41 2
39 42 2
39 44 2
39 48 -2
39 55 2
39 67 -2
39 68 -2
39 69 -2
39 73 2
40 41 2
40 42 2
40 45 2
40 48 -2
40 56 2
40 67 2
40 75 -2
40 76 -2
40 79 2
41 42 2
41 46 2
41 48 -2
41 57 2
41 68 2
41 75 2
41 80 -2
41 82 2
42 47 2
42 48 -2
43 44 2
43 45 2
43 46 2
43 47 2
43 48 2
43 59 -2
43 60 -2
43 61 -2
43 62 -2
43 63 -2
44 45 2
44 46 2
44 47 2
44 48 2
44 59 2
44 70 -2
44 71 -2
44 72 -2
44 73 -2
45 46 2
45 47 2
45 48 2
45 60 2
45 70 2
45 77 -2
45 78 -2
45 79 -2
46 47 2
46 48 2
46 61 2
46 71 2
46 77 2
46 81 -2
46 82 -2
47 48 2
47 62 2
47 72 2
47 78 2
47 81 2
47 83 -2
49 51 -2
49 53 -2
49 56 -2
49 60 -2
50 51 2
50 54 -2
50 57 -2
50 61 -2
50 64 -2
50 66 2
50 68 2
50 71 2
51 53 2
51 54 -2
51 56 2
51 57 -2
51 60 2
51 61 -2
52 53 2
52 54 2
52 58 -2
52 62 -2
52 65 -2
52 66 -2
52 69 2
52 72 2
53 54 2
53 56 2
53 58 -2
53 60 2
53 62 -2
53 65 2
53 74 -2
53 76 2
53 78 2
54 57 2
54 58 -2
54 61 2
54 62 -2
55 56 2
55 57 2
55 58 2
55 63 -2
55 67 -2
55 68 -2
55 69 -2
55 73 2
56 57 2
56 58 2
56 60 2
56 63 -2
56 67 2
56 75 -2
56 76 -2
56 79 2
57 58 2
57 61 2
57 63 -2
57 68 2
57 75 2
57 80 -2
57 82 2
58 62 2
58 63 -2
59 60 2
59 61 2
59 62 2
59 63 2
59 70 -2
59 71 -2
59 72 -2
59 73 -2
60 61 2
60 62 2
60 63 2
60 70 2
60 77 -2
60 78 -2
60 79 -2
61 62 2
61 63 2
61 71 2
61 77 2
61 81 -2
61 82 -2
62 63 2
62 72 2
62 78 2
62 81 2
62 83 -2
64 66 -2
64 68 -2
64 71 -2
65 66 2
65 69 -2
65 72 -2
65 74 -2
65 76 2
65 78 2
66 68 2
66 69 -2
66 71 2
66 72 -2
67 68 2
67 69 2
67 73 -2
67 75 -2
67 76 -2
67 79 2
68 69 2
68 71 2
68 73 -2
68 75 2
68 80 -2
68 82 2
69 72 2
69 73 -2
70 71 2
70 72 2
70 73 2
70 77 -2
70 78 -2
70 79 -2
71 72 2
71 73 2
71 77 2
71 81 -2
71 82 -2
72 73 2
72 78 2
72 81 2
72 83 -2
74 76 -2
74 78 -2
75 76 2
75 79 -2
75 80 -2
75 82 2
76 78 2
76 79 -2
77 78 2
77 79 2
77 81 -2
77 82 -2
78 79 2
78 81 2
78 83 -2
80 82 -2
81 82 2
81 83 -2
