56 315 1 138.87848250284009 126.25316591167278
0 1.0585812938844643 0.058581293884464314
1 2.0920050606069185 0.092005060606918751
2 2.1587087295469347 0.15870872954693482
3 2.1085788746695084 0.10857887466950833
4 3.1872985588049016 0.18729855880490187
5 2.0895775716023444 0.089577571602344377
6 2.2315088096653302 0.2315088096653298
7 3.3993526966726937 0.39935269667269385
8 3.1909947679738973 0.19099476797389706
9 2.1909947679738973 0.19099476797389706
10 2.2833213525792164 0.28332135257921626
11 3.488729333199148 0.48872933319914796
12 3.2337401158778531 0.2337401158778534
13 3.2337401158778531 0.2337401158778534
14 2.4462311303122655 0.44623113031226558
15 0.28802158029903585 0.28802158029903585
16 1.4968372260158369 0.49683722601583685
17 1.2376178037467045 0.23761780374670458
18 1.2376178037467045 0.23761780374670458
19 1.4536339889709815 0.45363398897098145
20 0.5184388445382645 0.5184388445382645
21 1.1489221085751076 0.14892210857510743
22 2.1775119378330743 0.17751193783307448
23 2.0848970137462532 0.084897013746253011
24 2.3895660757008663 0.38956607570086643
25 3.1863142101178057 0.18631421011780569
26 2.1863142101178057 0.18631421011780569
27 2.4789427122273207 0.4789427122273206
28 3.229059558021762 0.22905955802176201
29 3.229059558021762 0.22905955802176201
30 2.4372955198597275 0.43729551985972748
31 2.4870506050440095 0.48705060504400949
32 3.2329372458906129 0.23293724589061321
33 3.2329372458906129 0.23293724589061321
34 3.4446983785184435 0.4446983785184434
35 2.5082267183067923 0.50822671830679245
36 1.0412480041476613 0.041248004147661312
37 2.1426652005192137 0.14266520051921402
38 2.1426652005192137 0.14266520051921402
39 2.1854105484231701 0.18541054842317037
40 3.1854105484231701 0.18541054842317037
41 2.3539655924442342 0.35396559244423431
42 2.1892882362920218 0.18928823629202157
43 3.1892882362920218 0.18928823629202157
44 3.3613684511029502 0.36136845110295024
45 2.4129925155462293 0.4129925155462289
46 1.1150905929731891 0.1150905929731891
47 2.1578359408771455 0.15783594087714548
48 2.301323159856369 0.30132315985636859
49 2.1617136287459968 0.16171362874599668
50 3.3087260185150842 0.30872601851508452
51 2.3528297354458108 0.35282973544581087
52 1.2752194027077899 0.27521940270778994
53 2.2826222613665061 0.28262226136650587
54 2.3229968701331494 0.32299687013314959
55 1.1017229871406711 0.10172298714067096
0 2 -2
0 4 -2
0 7 -2
0 11 -2
0 16 -2
1 2 2
1 5 -2
1 8 -2
1 12 -2
1 17 -2
1 21 -2
1 23 2
1 25 2
1 28 2
1 32 2
2 4 2
2 5 -2
2 7 2
2 8 -2
2 11 2
2 12 -2
2 16 2
2 17 -2
3 4 2
3 5 2
3 9 -2
3 13 -2
3 18 -2
3 22 -2
3 23 -2
3 26 2
3 29 2
3 33 2
4 5 2
4 7 2
4 9 -2
4 11 2
4 13 -2
4 16 2
4 18 -2
4 22 2
4 36 -2
4 38 2
4 40 2
4 43 2
5 8 2
5 9 -2
5 12 2
5 13 -2
5 17 2
5 18 -2
6 7 2
6 8 2
6 9 2
6 14 -2
6 19 -2
6 24 -2
6 25 -2
6 26 -2
6 30 2
6 34 2
7 8 2
7 9 2
7 11 2
7 14 -2
7 16 2
7 19 -2
7 24 2
7 37 -2
7 38 -2
7 41 2
7 44 2
8 9 2
8 12 2
8 14 -2
8 17 2
8 19 -2
8 25 2
8 37 2
8 46 -2
8 48 2
8 50 2
9 13 2
9 14 -2
9 18 2
9 19 -2
10 11 2
10 12 2
10 13 2
10 14 2
10 20 -2
10 27 -2
10 28 -2
10 29 -2
10 30 -2
10 35 2
11 12 2
11 13 2
11 14 2
11 16 2
11 20 -2
11 27 2
11 39 -2
11 40 -2
11 41 -2
11 45 2
12 13 2
12 14 2
12 17 2
12 20 -2
12 28 2
12 39 2
12 47 -2
12 48 -2
12 51 2
13 14 2
13 18 2
13 20 -2
13 29 2
13 40 2
13 47 2
13 52 -2
13 54 2
14 19 2
14 20 -2
15 16 2
15 17 2
15 18 2
15 19 2
15 20 2
15 31 -2
15 32 -2
15 33 -2
15 34 -2
15 35 -2
16 17 2
16 18 2
16 19 2
16 20 2
16 31 2
16 42 -2
16 43 -2
16 44 -2
16 45 -2
17 18 2
17 19 2
17 20 2
17 32 2
17 42 2
17 49 -2
17 50 -2
17 51 -2
18 19 2
18 20 2
18 33 2
18 43 2
18 49 2
18 53 -2
18 54 -2
19 20 2
19 34 2
19 44 2
19 50 2
19 53 2
19 55 -2
21 23 -2
21 25 -2
21 28 -2
21 32 -2
22 23 2
22 26 -2
22 29 -2
22 33 -2
22 36 -2
22 38 2
22 40 2
22 43 2
23 25 2
23 26 -2
23 28 2
23 29 -2
23 32 2
23 33 -2
24 25 2
24 26 2
24 30 -2
24 34 -2
24 37 -2
24 38 -2
24 41 2
24 44 2
25 26 2
25 28 2
25 30 -2
25 32 2
25 34 -2
25 37 2
25 46 -2
25 48 2
25 50 2
26 29 2
26 30 -2
26 33 2
26 34 -2
27 28 2
27 29 2
27 30 2
27 35 -2
27 39 -2
27 40 -2
27 41 -2
27 45 2
28 29 2
28 30 2
28 32 2
28 35 -2
28 39 2
28 47 -2
28 48 -2
28 51 2
29 30 2
29 33 2
29 35 -2
29 40 2
29 47 2
29 52 -2
29 54 2
30 34 2
30 35 -2
31 32 2
31 33 2
31 34 2
31 35 2
31 42 -2
31 43 -2
31 44 -2
31 45 -2
32 33 2
32 34 2
32 35 2
32 42 2
32 49 -2
32 50 -2
32 51 -2
33 34 2
33 35 2
33 43 2
33 49 2
33 53 -2
33 54 -2
34 35 2
34 44 2
34 50 2
34 53 2
34 55 -2
36 38 -2
36 40 -2
36 43 -2
37 38 2
37 41 -2
37 44 -2
37 46 -2
37 48 2
37 50 2
38 40 2
38 41 -2
38 43 2
38 44 -2
39 40 2
39 41 2
39 45 -2
39 47 -2
39 48 -2
39 51 2
40 41 2
40 43 2
40 45 -2
40 47 2
40 52 -2
40 54 2
41 44 2
41 45 -2
42 43 2
42 44 2
42 45 2
42 49 -2
42 50 -2
42 51 -2
43 44 2
43 45 2
43 49 2
43 53 -2
43 54 -2
44 45 2
44 50 2
44 53 2
44 55 -2
46 48 -2
46 50 -2
47 48 2
47 51 -2
47 52 -2
47 54 2
48 50 2
48 51 -2
49 50 2
49 51 2
49 53 -2
49 54 -2
50 51 2
50 53 2
50 55 -2
52 54 -2
53 54 2
53 55 -2
