56 315 1 138.27364321630205 125.70331201482003
0 1.0746910238309093 0.074691023830909406
1 2.1192305212550506 0.11923052125505076
2 2.1449469081924146 0.14494690819241463
3 2.2086616475195306 0.20866164751953054
4 3.253667100906096 0.25366710090609595
5 2.1595647892796408 0.15956478927964099
6 2.2673566799204665 0.26735667992046669
7 3.325021846177822 0.32502184617782226
8 3.2044492258215338 0.20444922582153335
9 2.2044492258215338 0.20444922582153335
10 2.3260559445501072 0.32605594455010745
11 3.3963817365118953 0.39638173651189534
12 3.249336898773612 0.24933689877361162
13 3.249336898773612 0.24933689877361162
14 2.249336898773612 0.24933689877361162
15 0.36883384869103714 0.36883384869103714
16 1.4483862474283196 0.44838624742831962
17 1.2820494137049108 0.28204941370491071
18 1.2820494137049108 0.28204941370491071
19 1.2820494137049108 0.28204941370491071
20 0.4556182836771635 0.4556182836771635
21 1.1344263967482988 0.13442639674829887
22 2.2431465894619804 0.24314658946198017
23 2.1529470482099553 0.15294704820995528
24 2.3145013347337065 0.31450133473370651
25 3.1978314847518479 0.19783148475184761
26 2.1978314847518479 0.19783148475184761
27 2.3858612250677793 0.38586122506777959
28 3.242719157703926 0.24271915770392585
29 3.242719157703926 0.24271915770392585
30 2.242719157703926 0.24271915770392585
31 2.4378657359842038 0.43786573598420386
32 3.2754316726352246 0.275431672635225
33 3.2754316726352246 0.275431672635225
34 3.2754316726352246 0.275431672635225
35 2.4449280865645941 0.44492808656459426
36 1.1024481239971808 0.10244812399718087
37 2.1473325605390734 0.14733256053907323
38 2.1473325605390734 0.14733256053907323
39 2.1922202334911516 0.19222023349115147
40 3.1922202334911516 0.19222023349115147
41 2.1922202334911516 0.19222023349115147
42 2.2249327484224506 0.22493274842245062
43 3.2249327484224506 0.22493274842245062
44 3.2249327484224506 0.22493274842245062
45 2.3633529012978052 0.36335290129780484
46 1.1132729448617886 0.11327294486178867
47 2.1581606178138673 0.15816061781386689
48 2.1581606178138673 0.15816061781386689
49 2.1908731327451663 0.19087313274516604
50 3.1908731327451663 0.19087313274516604
51 2.3083335221268069 0.3083335221268067
52 1.0897721094939707 0.089772109493970603
53 2.1224846244252698 0.12248462442526975
54 2.1978597779177433 0.19785977791774342
55 1.1253541496577633 0.12535414965776345
0 2 -2
0 4 -2
0 7 -2
0 11 -2
0 16 -2
1 2 2
1 5 -2
1 8 -2
1 12 -2
1 17 -2
1 21 -2
1 23 2
1 25 2
1 28 2
1 32 2
2 4 2
2 5 -2
2 7 2
2 8 -2
2 11 2
2 12 -2
2 16 2
2 17 -2
3 4 2
3 5 2
3 9 -2
3 13 -2
3 18 -2
3 22 -2
3 23 -2
3 26 2
3 29 2
3 33 2
4 5 2
4 7 2
4 9 -2
4 11 2
4 13 -2
4 16 2
4 18 -2
4 22 2
4 36 -2
4 38 2
4 40 2
4 43 2
5 8 2
5 9 -2
5 12 2
5 13 -2
5 17 2
5 18 -2
6 7 2
6 8 2
6 9 2
6 14 -2
6 19 -2
6 24 -2
6 25 -2
6 26 -2
6 30 2
6 34 2
7 8 2
7 9 2
7 11 2
7 14 -2
7 16 2
7 19 -2
7 24 2
7 37 -2
7 38 -2
7 41 2
7 44 2
8 9 2
8 12 2
8 14 -2
8 17 2
8 19 -2
8 25 2
8 37 2
8 46 -2
8 48 2
8 50 2
9 13 2
9 14 -2
9 18 2
9 19 -2
10 11 2
10 12 2
10 13 2
10 14 2
10 20 -2
10 27 -2
10 28 -2
10 29 -2
10 30 -2
10 35 2
11 12 2
11 13 2
11 14 2
11 16 2
11 20 -2
11 27 2
11 39 -2
11 40 -2
11 41 -2
11 45 2
12 13 2
12 14 2
12 17 2
12 20 -2
12 28 2
12 39 2
12 47 -2
12 48 -2
12 51 2
13 14 2
13 18 2
13 20 -2
13 29 2
13 40 2
13 47 2
13 52 -2
13 54 2
14 19 2
14 20 -2
15 16 2
15 17 2
15 18 2
15 19 2
15 20 2
15 31 -2
15 32 -2
15 33 -2
15 34 -2
15 35 -2
16 17 2
16 18 2
16 19 2
16 20 2
16 31 2
16 42 -2
16 43 -2
16 44 -2
16 45 -2
17 18 2
17 19 2
17 20 2
17 32 2
17 42 2
17 49 -2
17 50 -2
17 51 -2
18 19 2
18 20 2
18 33 2
18 43 2
18 49 2
18 53 -2
18 54 -2
19 20 2
19 34 2
19 44 2
19 50 2
19 53 2
19 55 -2
21 23 -2
21 25 -2
21 28 -2
21 32 -2
22 23 2
22 26 -2
22 29 -2
22 33 -2
22 36 -2
22 38 2
22 40 2
22 43 2
23 25 2
23 26 -2
23 28 2
23 29 -2
23 32 2
23 33 -2
24 25 2
24 26 2
24 30 -2
24 34 -2
24 37 -2
24 38 -2
24 41 2
24 44 2
25 26 2
25 28 2
25 30 -2
25 32 2
25 34 -2
25 37 2
25 46 -2
25 48 2
25 50 2
26 29 2
26 30 -2
26 33 2
26 34 -2
27 28 2
27 29 2
27 30 2
27 35 -2
27 39 -2
27 40 -2
27 41 -2
27 45 2
28 29 2
28 30 2
28 32 2
28 35 -2
28 39 2
28 47 -2
28 48 -2
28 51 2
29 30 2
29 33 2
29 35 -2
29 40 2
29 47 2
29 52 -2
29 54 2
30 34 2
30 35 -2
31 32 2
31 33 2
31 34 2
31 35 2
31 42 -2
31 43 -2
31 44 -2
31 45 -2
32 33 2
32 34 2
32 35 2
32 42 2
32 49 -2
32 50 -2
32 51 -2
33 34 2
33 35 2
33 43 2
33 49 2
33 53 -2
33 54 -2
34 35 2
34 44 2
34 50 2
34 53 2
34 55 -2
36 38 -2
36 40 -2
36 43 -2
37 38 2
37 41 -2
37 44 -2
37 46 -2
37 48 2
37 50 2
38 40 2
38 41 -2
38 43 2
38 44 -2
39 40 2
39 41 2
39 45 -2
39 47 -2
39 48 -2
39 51 2
40 41 2
40 43 2
40 45 -2
40 47 2
40 52 -2
40 54 2
41 44 2
41 45 -2
42 43 2
42 44 2
42 45 2
42 49 -2
42 50 -2
42 51 -2
43 44 2
43 45 2
43 49 2
43 53 -2
43 54 -2
44 45 2
44 50 2
44 53 2
44 55 -2
46 48 -2
46 50 -2
47 48 2
47 51 -2
47 52 -2
47 54 2
48 50 2
48 51 -2
49 50 2
49 51 2
49 53 -2
49 54 -2
50 51 2
50 53 2
50 55 -2
52 54 -2
53 54 2
53 55 -2
