56 315 1 133.48240824391755 121.34764385810686
0 1.0745667980706377 0.074566798070637708
1 2.149322709226706 0.14932270922670651
2 2.2421449338811459 0.24214493388114569
3 2.174702388640811 0.1747023886408112
4 3.2833011707688828 0.283301170768883
5 2.250249367512513 0.25024936751251331
6 2.1894607074121595 0.18946070741215967
7 3.3072335795872863 0.30723357958728592
8 3.2713896619687697 0.27138966196876924
9 2.4198858921026241 0.41988589210262411
10 2.2132645580786239 0.2132645580786241
11 3.345834418505877 0.34583441850587693
12 3.3054870696801912 0.30548706968019129
13 3.4726403719580321 0.47264037195803182
14 2.1844450232031343 0.18444502320313436
15 0.27719008434720832 0.27719008434720832
16 1.4494974340765541 0.44949743407655401
17 1.3970560667676226 0.39705606676762273
18 1.6143131599046239 0.61431315990462387
19 1.2397319648408289 0.23973196484082882
20 0.23973196484082882 0.23973196484082882
21 1.1367653424450419 0.13676534244504179
22 2.1779215793327786 0.17792157933277905
23 2.1571640617439547 0.15716406174395484
24 2.2018539881511825 0.20185398815118202
25 3.1783043562002109 0.17830435620021079
26 2.2758671171399487 0.27586711713994877
27 2.2404548270697733 0.24045482706977298
28 3.2124017639116329 0.21240176391163282
29 3.3286215969953563 0.32862159699535642
30 2.1282425744372118 0.12824257443721226
31 2.3441178426404501 0.34411784264045009
32 3.3039707609990643 0.30397076099906428
33 3.470294384941949 0.47029438494194842
34 3.1835295160749073 0.18352951607490672
35 2.1835295160749069 0.18352951607490672
36 1.1434374675734917 0.14343746757349171
37 2.1645777620297477 0.16457776202974767
38 2.2546297450271569 0.2546297450271568
39 2.1986751697411697 0.19867516974116972
40 3.3073842248825644 0.30738422488256445
41 2.1199548194663662 0.11995481946636663
42 2.2902441668286011 0.29024416682860116
43 3.4490570128291571 0.4490570128291565
44 3.1752417611040618 0.17524176110406109
45 2.1752417611040613 0.17524176110406109
46 1.0889544824650583 0.088954482465058313
47 2.1417089623204659 0.14170896232046604
48 2.0553010584665237 0.055301058466523327
49 2.2833817502670586 0.28338175026705803
50 3.1105880001042179 0.11058800010421778
51 2.1105880001042179 0.11058800010421778
52 1.0333510654597302 0.033351065459730107
53 2.0886380070974244 0.088638007097424559
54 2.0886380070974244 0.088638007097424559
55 1.0758740557276096 0.075874055727609649
0 2 -2
0 4 -2
0 7 -2
0 11 -2
0 16 -2
1 2 2
1 5 -2
1 8 -2
1 12 -2
1 17 -2
1 21 -2
1 23 2
1 25 2
1 28 2
1 32 2
2 4 2
2 5 -2
2 7 2
2 8 -2
2 11 2
2 12 -2
2 16 2
2 17 -2
3 4 2
3 5 2
3 9 -2
3 13 -2
3 18 -2
3 22 -2
3 23 -2
3 26 2
3 29 2
3 33 2
4 5 2
4 7 2
4 9 -2
4 11 2
4 13 -2
4 16 2
4 18 -2
4 22 2
4 36 -2
4 38 2
4 40 2
4 43 2
5 8 2
5 9 -2
5 12 2
5 13 -2
5 17 2
5 18 -2
6 7 2
6 8 2
6 9 2
6 14 -2
6 19 -2
6 24 -2
6 25 -2
6 26 -2
6 30 2
6 34 2
7 8 2
7 9 2
7 11 2
7 14 -2
7 16 2
7 19 -2
7 24 2
7 37 -2
7 38 -2
7 41 2
7 44 2
8 9 2
8 12 2
8 14 -2
8 17 2
8 19 -2
8 25 2
8 37 2
8 46 -2
8 48 2
8 50 2
9 13 2
9 14 -2
9 18 2
9 19 -2
10 11 2
10 12 2
10 13 2
10 14 2
10 20 -2
10 27 -2
10 28 -2
10 29 -2
10 30 -2
10 35 2
11 12 2
11 13 2
11 14 2
11 16 2
11 20 -2
11 27 2
11 39 -2
11 40 -2
11 41 -2
11 45 2
12 13 2
12 14 2
12 17 2
12 20 -2
12 28 2
12 39 2
12 47 -2
12 48 -2
12 51 2
13 14 2
13 18 2
13 20 -2
13 29 2
13 40 2
13 47 2
13 52 -2
13 54 2
14 19 2
14 20 -2
15 16 2
15 17 2
15 18 2
15 19 2
15 20 2
15 31 -2
15 32 -2
15 33 -2
15 34 -2
15 35 -2
16 17 2
16 18 2
16 19 2
16 20 2
16 31 2
16 42 -2
16 43 -2
16 44 -2
16 45 -2
17 18 2
17 19 2
17 20 2
17 32 2
17 42 2
17 49 -2
17 50 -2
17 51 -2
18 19 2
18 20 2
18 33 2
18 43 2
18 49 2
18 53 -2
18 54 -2
19 20 2
19 34 2
19 44 2
19 50 2
19 53 2
19 55 -2
21 23 -2
21 25 -2
21 28 -2
21 32 -2
22 23 2
22 26 -2
22 29 -2
22 33 -2
22 36 -2
22 38 2
22 40 2
22 43 2
23 25 2
23 26 -2
23 28 2
23 29 -2
23 32 2
23 33 -2
24 25 2
24 26 2
24 30 -2
24 34 -2
24 37 -2
24 38 -2
24 41 2
24 44 2
25 26 2
25 28 2
25 30 -2
25 32 2
25 34 -2
25 37 2
25 46 -2
25 48 2
25 50 2
26 29 2
26 30 -2
26 33 2
26 34 -2
27 28 2
27 29 2
27 30 2
27 35 -2
27 39 -2
27 40 -2
27 41 -2
27 45 2
28 29 2
28 30 2
28 32 2
28 35 -2
28 39 2
28 47 -2
28 48 -2
28 51 2
29 30 2
29 33 2
29 35 -2
29 40 2
29 47 2
29 52 -2
29 54 2
30 34 2
30 35 -2
31 32 2
31 33 2
31 34 2
31 35 2
31 42 -2
31 43 -2
31 44 -2
31 45 -2
32 33 2
32 34 2
32 35 2
32 42 2
32 49 -2
32 50 -2
32 51 -2
33 34 2
33 35 2
33 43 2
33 49 2
33 53 -2
33 54 -2
34 35 2
34 44 2
34 50 2
34 53 2
34 55 -2
36 38 -2
36 40 -2
36 43 -2
37 38 2
37 41 -2
37 44 -2
37 46 -2
37 48 2
37 50 2
38 40 2
38 41 -2
38 43 2
38 44 -2
39 40 2
39 41 2
39 45 -2
39 47 -2
39 48 -2
39 51 2
40 41 2
40 43 2
40 45 -2
40 47 2
40 52 -2
40 54 2
41 44 2
41 45 -2
42 43 2
42 44 2
42 45 2
42 49 -2
42 50 -2
42 51 -2
43 44 2
43 45 2
43 49 2
43 53 -2
43 54 -2
44 45 2
44 50 2
44 53 2
44 55 -2
46 48 -2
46 50 -2
47 48 2
47 51 -2
47 52 -2
47 54 2
48 50 2
48 51 -2
49 50 2
49 51 2
49 53 -2
49 54 -2
50 51 2
50 53 2
50 55 -2
52 54 -2
53 54 2
53 55 -2
