35 150 1 160.28705122680969 131.63514601467872
0 1.0817259271871174 0.081725927187117395
1 2.1108116700120254 0.11081167001202527
2 2.1044795745827667 0.10447957458276667
3 2.1397326376311332 0.13973263763113339
4 3.131747915480783 0.13174791548078291
5 2.2834576363374421 0.28345763633744203
6 2.2064187220232503 0.20641872202325021
7 3.1946233664790649 0.1946233664790645
8 3.4187351218185937 0.41873512181859335
9 2.4010420885023147 0.40104208850231471
10 0.21835824997787395 0.21835824997787395
11 1.205880635693424 0.20588063569342402
12 1.4429553070979728 0.44295530709797287
13 1.424238885671298 0.42423888567129797
14 0.418000078529073 0.418000078529073
15 1.0638012551198972 0.063801255119897385
16 2.0910695960179138 0.091069596017913618
17 2.1959376156749051 0.19593761567490506
18 2.1539450470161952 0.15394504701619521
19 3.3312151011560558 0.33121510115605635
20 2.3172200968818566 0.31722009688185676
21 2.1652023162305549 0.16520231623055473
22 3.3554352864354362 0.35543528643543593
23 3.3404168940508403 0.34041689405084002
24 2.3354107632559749 0.33541076325597474
25 1.1176707554721468 0.1176707554721468
26 2.2529482409532982 0.2529482409532981
27 2.2422602871102009 0.24226028711020101
28 2.2771684262326777 0.27716842623267773
29 3.2654570842791846 0.26545708427918424
30 2.2615533036280198 0.26155330362801982
31 1.1857508439075226 0.18575084390752281
32 2.2089476410765063 0.20894764107650604
33 2.2058748816489104 0.20587488164891035
34 1.150511886492332 0.15051188649233194
0 2 -2
0 4 -2
0 7 -2
0 11 -2
1 2 2
1 5 -2
1 8 -2
1 12 -2
1 15 -2
1 17 2
1 19 2
1 22 2
2 4 2
2 5 -2
2 7 2
2 8 -2
2 11 2
2 12 -2
3 4 2
3 5 2
3 9 -2
3 13 -2
3 16 -2
3 17 -2
3 20 2
3 23 2
4 5 2
4 7 2
4 9 -2
4 11 2
4 13 -2
4 16 2
4 25 -2
4 27 2
4 29 2
5 8 2
5 9 -2
5 12 2
5 13 -2
6 7 2
6 8 2
6 9 2
6 14 -2
6 18 -2
6 19 -2
6 20 -2
6 24 2
7 8 2
7 9 2
7 11 2
7 14 -2
7 18 2
7 26 -2
7 27 -2
7 30 2
8 9 2
8 12 2
8 14 -2
8 19 2
8 26 2
8 31 -2
8 33 2
9 13 2
9 14 -2
10 11 2
10 12 2
10 13 2
10 14 2
10 21 -2
10 22 -2
10 23 -2
10 24 -2
11 12 2
11 13 2
11 14 2
11 21 2
11 28 -2
11 29 -2
11 30 -2
12 13 2
12 14 2
12 22 2
12 28 2
12 32 -2
12 33 -2
13 14 2
13 23 2
13 29 2
13 32 2
13 34 -2
15 17 -2
15 19 -2
15 22 -2
16 17 2
16 20 -2
16 23 -2
16 25 -2
16 27 2
16 29 2
17 19 2
17 20 -2
17 22 2
17 23 -2
18 19 2
18 20 2
18 24 -2
18 26 -2
18 27 -2
18 30 2
19 20 2
19 22 2
19 24 -2
19 26 2
19 31 -2
19 33 2
20 23 2
20 24 -2
21 22 2
21 23 2
21 24 2
21 28 -2
21 29 -2
21 30 -2
22 23 2
22 24 2
22 28 2
22 32 -2
22 33 -2
23 24 2
23 29 2
23 32 2
23 34 -2
25 27 -2
25 29 -2
26 27 2
26 30 -2
26 31 -2
26 33 2
27 29 2
27 30 -2
28 29 2
28 30 2
28 32 -2
28 33 -2
29 30 2
29 32 2
29 34 -2
31 33 -2
32 33 2
32 34 -2
