56 315 1 124.18894274794172 105.84536587271714
0 1.1300608041335405 0.13006080413354065
1 2.1923670473572323 0.19236704735723248
2 2.3040640425969157 0.30406404259691588
3 2.20426172251865 0.20426172251864985
4 3.3228653033359308 0.32286530333593039
5 2.3294543911591128 0.32945439115911268
6 2.2056098810292935 0.20560988102929331
7 3.3249962635624315 0.32499626356243139
8 3.3316288403698282 0.33162884036982793
9 2.2785682259106554 0.27856822591065544
10 2.2475686721030259 0.24756867210302566
11 3.3913182236467181 0.39131822364671798
12 3.3993043098435898 0.39930430984358978
13 3.3354156202686154 0.33541562026861543
14 2.4072903960404619 0.40729039604046163
15 0.24961964659702995 0.24961964659703001
16 1.3945600865565957 0.39456008655659586
17 1.4026123332210161 0.40261233322101619
18 1.3381943599056534 0.33819435990565355
19 1.4106645798854365 0.41066457988543648
20 0.450925813207538 0.45092581320753811
21 1.1577390528176446 0.15773905281764464
22 2.176540313556659 0.1765403135566592
23 2.1801431770986319 0.18014317709863184
24 2.1786712737831602 0.17867127378316014
25 3.1823176263093473 0.18231762630934709
26 2.1531468060998518 0.15314680609985154
27 2.2449932338674468 0.24499323386744676
28 3.2499930957831089 0.24999309578310894
29 3.2099942004578117 0.20999420045781153
30 2.2549929576987711 0.25499295769877112
31 2.2482350967773246 0.24823509677732455
32 3.2533011191605352 0.25330111916053527
33 3.2127729400948497 0.21277294009484962
34 3.2583671415437463 0.25836714154374602
35 2.2836972534597995 0.28369725345979946
36 1.1196789006211438 0.11967890062114389
37 2.1218533498318592 0.12185334983185914
38 2.1023568138587616 0.10235681385876168
39 2.1895288193056213 0.18952881930562102
40 3.1592042082167215 0.15920420821672165
41 2.1933193956917338 0.19331939569173343
42 2.1928368426830476 0.19283684268304732
43 3.16198294785376 0.16198294785375975
44 3.1966935795367082 0.19669357953670827
45 2.215977263805013 0.215977263805013
46 1.0179419036847275 0.017941903684727579
47 2.0747892980426874 0.074789298042687566
48 2.090815576194692 0.090815576194692035
49 2.0775680376797259 0.077568037679725657
50 3.0941897600396668 0.094189760039666864
51 2.1034240502396342 0.1034240502396342
52 1.0712469170581667 0.071246917058166687
53 2.0746211009031414 0.07462110090314153
54 2.0819368951093318 0.081936895109331859
55 1.0795015119933309 0.079501511993330762
0 2 -2
0 4 -2
0 7 -2
0 11 -2
0 16 -2
1 2 2
1 5 -2
1 8 -2
1 12 -2
1 17 -2
1 21 -2
1 23 2
1 25 2
1 28 2
1 32 2
2 4 2
2 5 -2
2 7 2
2 8 -2
2 11 2
2 12 -2
2 16 2
2 17 -2
3 4 2
3 5 2
3 9 -2
3 13 -2
3 18 -2
3 22 -2
3 23 -2
3 26 2
3 29 2
3 33 2
4 5 2
4 7 2
4 9 -2
4 11 2
4 13 -2
4 16 2
4 18 -2
4 22 2
4 36 -2
4 38 2
4 40 2
4 43 2
5 8 2
5 9 -2
5 12 2
5 13 -2
5 17 2
5 18 -2
6 7 2
6 8 2
6 9 2
6 14 -2
6 19 -2
6 24 -2
6 25 -2
6 26 -2
6 30 2
6 34 2
7 8 2
7 9 2
7 11 2
7 14 -2
7 16 2
7 19 -2
7 24 2
7 37 -2
7 38 -2
7 41 2
7 44 2
8 9 2
8 12 2
8 14 -2
8 17 2
8 19 -2
8 25 2
8 37 2
8 46 -2
8 48 2
8 50 2
9 13 2
9 14 -2
9 18 2
9 19 -2
10 11 2
10 12 2
10 13 2
10 14 2
10 20 -2
10 27 -2
10 28 -2
10 29 -2
10 30 -2
10 35 2
11 12 2
11 13 2
11 14 2
11 16 2
11 20 -2
11 27 2
11 39 -2
11 40 -2
11 41 -2
11 45 2
12 13 2
12 14 2
12 17 2
12 20 -2
12 28 2
12 39 2
12 47 -2
12 48 -2
12 51 2
13 14 2
13 18 2
13 20 -2
13 29 2
13 40 2
13 47 2
13 52 -2
13 54 2
14 19 2
14 20 -2
15 16 2
15 17 2
15 18 2
15 19 2
15 20 2
15 31 -2
15 32 -2
15 33 -2
15 34 -2
15 35 -2
16 17 2
16 18 2
16 19 2
16 20 2
16 31 2
16 42 -2
16 43 -2
16 44 -2
16 45 -2
17 18 2
17 19 2
17 20 2
17 32 2
17 42 2
17 49 -2
17 50 -2
17 51 -2
18 19 2
18 20 2
18 33 2
18 43 2
18 49 2
18 53 -2
18 54 -2
19 20 2
19 34 2
19 44 2
19 50 2
19 53 2
19 55 -2
21 23 -2
21 25 -2
21 28 -2
21 32 -2
22 23 2
22 26 -2
22 29 -2
22 33 -2
22 36 -2
22 38 2
22 40 2
22 43 2
23 25 2
23 26 -2
23 28 2
23 29 -2
23 32 2
23 33 -2
24 25 2
24 26 2
24 30 -2
24 34 -2
24 37 -2
24 38 -2
24 41 2
24 44 2
25 26 2
25 28 2
25 30 -2
25 32 2
25 34 -2
25 37 2
25 46 -2
25 48 2
25 50 2
26 29 2
26 30 -2
26 33 2
26 34 -2
27 28 2
27 29 2
27 30 2
27 35 -2
27 39 -2
27 40 -2
27 41 -2
27 45 2
28 29 2
28 30 2
28 32 2
28 35 -2
28 39 2
28 47 -2
28 48 -2
28 51 2
29 30 2
29 33 2
29 35 -2
29 40 2
29 47 2
29 52 -2
29 54 2
30 34 2
30 35 -2
31 32 2
31 33 2
31 34 2
31 35 2
31 42 -2
31 43 -2
31 44 -2
31 45 -2
32 33 2
32 34 2
32 35 2
32 42 2
32 49 -2
32 50 -2
32 51 -2
33 34 2
33 35 2
33 43 2
33 49 2
33 53 -2
33 54 -2
34 35 2
34 44 2
34 50 2
34 53 2
34 55 -2
36 38 -2
36 40 -2
36 43 -2
37 38 2
37 41 -2
37 44 -2
37 46 -2
37 48 2
37 50 2
38 40 2
38 41 -2
38 43 2
38 44 -2
39 40 2
39 41 2
39 45 -2
39 47 -2
39 48 -2
39 51 2
40 41 2
40 43 2
40 45 -2
40 47 2
40 52 -2
40 54 2
41 44 2
41 45 -2
42 43 2
42 44 2
42 45 2
42 49 -2
42 50 -2
42 51 -2
43 44 2
43 45 2
43 49 2
43 53 -2
43 54 -2
44 45 2
44 50 2
44 53 2
44 55 -2
46 48 -2
46 50 -2
47 48 2
47 51 -2
47 52 -2
47 54 2
48 50 2
48 51 -2
49 50 2
49 51 2
49 53 -2
49 54 -2
50 51 2
50 53 2
50 55 -2
52 54 -2
53 54 2
53 55 -2
