84 588 1 157.6364175213709 141.58604222133997
0 1.056784844587026 0.056784844587026033
1 2.0661031823241185 0.066103182324118548
2 2.0970890490385492 0.097089049038549105
3 2.1107943607153872 0.11079436071538727
4 3.1627292173007251 0.16272921730072504
5 2.280448225560824 0.28044822556082405
6 2.1499855435815491 0.14998554358154884
7 3.2202912671354 0.22029126713539984
8 3.3796509071907956 0.37965090719079553
9 2.178107833003089 0.17810783300308927
10 2.1662591641377649 0.16625916413776468
11 3.244193147327342 0.2441931473273419
12 3.4208435092237166 0.42084350922371683
13 3.1974327574135954 0.19743275741359556
14 2.2234107518101212 0.22341075181012129
15 2.1868423145673415 0.18684231456734143
16 3.2744246495207827 0.27442464952078277
17 3.4729446087485827 0.47294460874858302
18 3.2218752485487183 0.22187524854871796
19 3.2510693601998644 0.25106936019986509
20 2.4437504970974362 0.44375049709743591
21 0.20299877720617276 0.20299877720617271
22 1.2981544540215662 0.29815445402156621
23 1.5138406548031249 0.51384065480312469
24 1.2410610479323301 0.2410610479323301
25 1.2727796068707946 0.27277960687079461
26 1.4821220958646604 0.48212209586466021
27 0.34256043653541651 0.34256043653541646
28 1.0565122693946354 0.056512269394635287
29 2.1221524376568111 0.12215243765681123
30 2.2105180308553556 0.21051803085535556
31 2.179714487491486 0.17971448749148605
32 3.3097207124853263 0.30972071248532707
33 2.1453010749931161 0.1453010749931164
34 2.2036163676834279 0.20361636768342808
35 3.3509133145182481 0.35091331451824836
36 3.1646259994036225 0.16462599940362271
37 2.1862873151146256 0.18628731511462571
38 2.2338478698768691 0.23384786987686892
39 3.4030144140431142 0.40301441404311455
40 3.1890684905387454 0.18906849053874511
41 3.2139459235043693 0.21394592350436945
42 2.3781369810774904 0.37813698107749022
43 2.2575776743776523 0.25757767437765244
44 3.4439104600976558 0.44391046009765628
45 3.2082542899223574 0.20825428992235726
46 3.2356561701752993 0.23565617017529902
47 3.4165085798447143 0.41650857984471451
48 2.295940306731771 0.29594030673177085
49 1.1367115876999143 0.1367115876999144
50 2.2359142693298861 0.23591426932988593
51 2.110675830055996 0.11067583005599586
52 2.2771068713628071 0.27710687136280726
53 3.1300007544665021 0.13000075446650219
54 2.147106116896305 0.14710611689630509
55 2.3292079708876736 0.32920797088767345
56 3.1544432456016245 0.15444324560162456
57 3.1747647252860487 0.17476472528604883
58 2.308886491203249 0.30888649120324913
59 2.3701040169422152 0.37010401694221512
60 3.1736290449852369 0.17362904498523674
61 3.1964749719569783 0.19647497195697838
62 3.3472580899704734 0.34725808997047347
63 2.2467360112948103 0.24673601129481007
64 1.0996103039931986 0.099610303993198507
65 2.1189352284037049 0.11893522840370481
66 2.1345846005620874 0.13458460056208701
67 2.1433777195388268 0.14337771953882722
68 3.1622432089518311 0.16224320895183078
69 2.2867554390776546 0.28675543907765444
70 2.1625635189224393 0.16256351892243937
71 3.1839534556227602 0.18395345562276033
72 3.325127037844879 0.32512703784487873
73 2.2310113163634666 0.23101131636346647
74 1.0745308295988196 0.074530829598819653
75 2.1021894379885633 0.10218943798856342
76 2.1806138903983916 0.18061389039839115
77 2.1238996846594929 0.12389968465949297
78 3.2189854891656151 0.21898548916561544
79 2.1555949528282006 0.15559495282820046
80 1.0875348310912574 0.087534831091257398
81 2.1259064298584818 0.12590642985848172
82 2.0894598317415527 0.089459831741552809
83 1.0619980970529386 0.061998097052938586
0 2 -2
0 4 -2
0 7 -2
0 11 -2
0 16 -2
0 22 -2
1 2 2
1 5 -2
1 8 -2
1 12 -2
1 17 -2
1 23 -2
1 28 -2
1 30 2
1 32 2
1 35 2
1 39 2
1 44 2
2 4 2
2 5 -2
2 7 2
2 8 -2
2 11 2
2 12 -2
2 16 2
2 17 -2
2 22 2
2 23 -2
3 4 2
3 5 2
3 9 -2
3 13 -2
3 18 -2
3 24 -2
3 29 -2
3 30 -2
3 33 2
3 36 2
3 40 2
3 45 2
4 5 2
4 7 2
4 9 -2
4 11 2
4 13 -2
4 16 2
4 18 -2
4 22 2
4 24 -2
4 29 2
4 49 -2
4 51 2
4 53 2
4 56 2
4 60 2
5 8 2
5 9 -2
5 12 2
5 13 -2
5 17 2
5 18 -2
5 23 2
5 24 -2
6 7 2
6 8 2
6 9 2
6 14 -2
6 19 -2
6 25 -2
6 31 -2
6 32 -2
6 33 -2
6 37 2
6 41 2
6 46 2
7 8 2
7 9 2
7 11 2
7 14 -2
7 16 2
7 19 -2
7 22 2
7 25 -2
7 31 2
7 50 -2
7 51 -2
7 54 2
7 57 2
7 61 2
8 9 2
8 12 2
8 14 -2
8 17 2
8 19 -2
8 23 2
8 25 -2
8 32 2
8 50 2
8 64 -2
8 66 2
8 68 2
8 71 2
9 13 2
9 14 -2
9 18 2
9 19 -2
9 24 2
9 25 -2
10 11 2
10 12 2
10 13 2
10 14 2
10 20 -2
10 26 -2
10 34 -2
10 35 -2
10 36 -2
10 37 -2
10 42 2
10 47 2
11 12 2
11 13 2
11 14 2
11 16 2
11 20 -2
11 22 2
11 26 -2
11 34 2
11 52 -2
11 53 -2
11 54 -2
11 58 2
11 62 2
12 13 2
12 14 2
12 17 2
12 20 -2
12 23 2
12 26 -2
12 35 2
12 52 2
12 65 -2
12 66 -2
12 69 2
12 72 2
13 14 2
13 18 2
13 20 -2
13 24 2
13 26 -2
13 36 2
13 53 2
13 65 2
13 74 -2
13 76 2
13 78 2
14 19 2
14 20 -2
14 25 2
14 26 -2
15 16 2
15 17 2
15 18 2
15 19 2
15 20 2
15 27 -2
15 38 -2
15 39 -2
15 40 -2
15 41 -2
15 42 -2
15 48 2
16 17 2
16 18 2
16 19 2
16 20 2
16 22 2
16 27 -2
16 38 2
16 55 -2
16 56 -2
16 57 -2
16 58 -2
16 63 2
17 18 2
17 19 2
17 20 2
17 23 2
17 27 -2
17 39 2
17 55 2
17 67 -2
17 68 -2
17 69 -2
17 73 2
18 19 2
18 20 2
18 24 2
18 27 -2
18 40 2
18 56 2
18 67 2
18 75 -2
18 76 -2
18 79 2
19 20 2
19 25 2
19 27 -2
19 41 2
19 57 2
19 68 2
19 75 2
19 80 -2
19 82 2
20 26 2
20 27 -2
21 22 2
21 23 2
21 24 2
21 25 2
21 26 2
21 27 2
21 43 -2
21 44 -2
21 45 -2
21 46 -2
21 47 -2
21 48 -2
22 23 2
22 24 2
22 25 2
22 26 2
22 27 2
22 43 2
22 59 -2
22 60 -2
22 61 -2
22 62 -2
22 63 -2
23 24 2
23 25 2
23 26 2
23 27 2
23 44 2
23 59 2
23 70 -2
23 71 -2
23 72 -2
23 73 -2
24 25 2
24 26 2
24 27 2
24 45 2
24 60 2
24 70 2
24 77 -2
24 78 -2
24 79 -2
25 26 2
25 27 2
25 46 2
25 61 2
25 71 2
25 77 2
25 81 -2
25 82 -2
26 27 2
26 47 2
26 62 2
26 72 2
26 78 2
26 81 2
26 83 -2
28 30 -2
28 32 -2
28 35 -2
28 39 -2
28 44 -2
29 30 2
29 33 -2
29 36 -2
29 40 -2
29 45 -2
29 49 -2
29 51 2
29 53 2
29 56 2
29 60 2
30 32 2
30 33 -2
30 35 2
30 36 -2
30 39 2
30 40 -2
30 44 2
30 45 -2
31 32 2
31 33 2
31 37 -2
31 41 -2
31 46 -2
31 50 -2
31 51 -2
31 54 2
31 57 2
31 61 2
32 33 2
32 35 2
32 37 -2
32 39 2
32 41 -2
32 44 2
32 46 -2
32 50 2
32 64 -2
32 66 2
32 68 2
32 71 2
33 36 2
33 37 -2
33 40 2
33 41 -2
33 45 2
33 46 -2
34 35 2
34 36 2
34 37 2
34 42 -2
34 47 -2
34 52 -2
34 53 -2
34 54 -2
34 58 2
34 62 2
35 36 2
35 37 2
35 39 2
35 42 -2
35 44 2
35 47 -2
35 52 2
35 65 -2
35 66 -2
35 69 2
35 72 2
36 37 2
36 40 2
36 42 -2
36 45 2
36 47 -2
36 53 2
36 65 2
36 74 -2
36 76 2
36 78 2
37 41 2
37 42 -2
37 46 2
37 47 -2
38 39 2
38 40 2
38 41 2
38 42 2
38 48 -2
38 55 -2
38 56 -2
38 57 -2
38 58 -2
38 63 2
39 40 2
39 41 2
39 42 2
39 44 2
39 48 -2
39 55 2
39 67 -2
39 68 -2
39 69 -2
39 73 2
40 41 2
40 42 2
40 45 2
40 48 -2
40 56 2
40 67 2
40 75 -2
40 76 -2
40 79 2
41 42 2
41 46 2
41 48 -2
41 57 2
41 68 2
41 75 2
41 80 -2
41 82 2
42 47 2
42 48 -2
43 44 2
43 45 2
43 46 2
43 47 2
43 48 2
43 59 -2
43 60 -2
43 61 -2
43 62 -2
43 63 -2
44 45 2
44 46 2
44 47 2
44 48 2
44 59 2
44 70 -2
44 71 -2
44 72 -2
44 73 -2
45 46 2
45 47 2
45 48 2
45 60 2
45 70 2
45 77 -2
45 78 -2
45 79 -2
46 47 2
46 48 2
46 61 2
46 71 2
46 77 2
46 81 -2
46 82 -2
47 48 2
47 62 2
47 72 2
47 78 2
47 81 2
47 83 -2
49 51 -2
49 53 -2
49 56 -2
49 60 -2
50 51 2
50 54 -2
50 57 -2
50 61 -2
50 64 -2
50 66 2
50 68 2
50 71 2
51 53 2
51 54 -2
51 56 2
51 57 -2
51 60 2
51 61 -2
52 53 2
52 54 2
52 58 -2
52 62 -2
52 65 -2
52 66 -2
52 69 2
52 72 2
53 54 2
53 56 2
53 58 -2
53 60 2
53 62 -2
53 65 2
53 74 -2
53 76 2
53 78 2
54 57 2
54 58 -2
54 61 2
54 62 -2
55 56 2
55 57 2
55 58 2
55 63 -2
55 67 -2
55 68 -2
55 69 -2
55 73 2
56 57 2
56 58 2
56 60 2
56 63 -2
56 67 2
56 75 -2
56 76 -2
56 79 2
57 58 2
57 61 2
57 63 -2
57 68 2
57 75 2
57 80 -2
57 82 2
58 62 2
58 63 -2
59 60 2
59 61 2
59 62 2
59 63 2
59 70 -2
59 71 -2
59 72 -2
59 73 -2
60 61 2
60 62 2
60 63 2
60 70 2
60 77 -2
60 78 -2
60 79 -2
61 62 2
61 63 2
61 71 2
61 77 2
61 81 -2
61 82 -2
62 63 2
62 72 2
62 78 2
62 81 2
62 83 -2
64 66 -2
64 68 -2
64 71 -2
65 66 2
65 69 -2
65 72 -2
65 74 -2
65 76 2
65 78 2
66 68 2
66 69 -2
66 71 2
66 72 -2
67 68 2
67 69 2
67 73 -2
67 75 -2
67 76 -2
67 79 2
68 69 2
68 71 2
68 73 -2
68 75 2
68 80 -2
68 82 2
69 72 2
69 73 -2
70 71 2
70 72 2
70 73 2
70 77 -2
70 78 -2
70 79 -2
71 72 2
71 73 2
71 77 2
71 81 -2
71 82 -2
72 73 2
72 78 2
72 81 2
72 83 -2
74 76 -2
74 78 -2
75 76 2
75 79 -2
75 80 -2
75 82 2
76 78 2
76 79 -2
77 78 2
77 79 2
77 81 -2
77 82 -2
78 79 2
78 81 2
78 83 -2
80 82 -2
81 82 2
81 83 -2
