10 18 1 121.69177101641479 109.4866804932953
0 1.1787808131355484 0.17878081313554833
1 2.2873686123484087 0.28736861234840899
2 2.5100792869184261 0.51007928691842597
3 0.32869930042027634 0.32869930042027634
4 1.5834412582459907 0.58344125824599047
5 0.41087412552534552 0.41087412552534541
6 1.3102455012333609 0.31024550123336114
7 2.383607472560926 0.38360747256092564
8 2.270146107437272 0.27014610743727158
9 1.18739810910591 0.18739810910590995
0 2 -2
0 4 -2
1 2 2
1 5 -2
1 6 -2
1 8 2
2 4 2
2 5 -2
3 4 2
3 5 2
3 7 -2
3 8 -2
4 5 2
4 7 2
4 9 -2
6 8 -2
7 8 2
7 9 -2
