120 1008 1 153.7544056977373 138.20832289135365
0 1.0851743902951936 0.085174390295193553
1 2.1389893838598959 0.13898938385989579
2 2.0666387456862516 0.066638745686251402
3 2.1725210479237154 0.17252104792371509
4 3.0827155709223293 0.082715570922329146
5 2.0827155709223293 0.082715570922329146
6 2.2503385989924056 0.25033859899240535
7 3.1200253556812898 0.12002535568129025
8 3.1200253556812898 0.12002535568129025
9 2.154318314447373 0.15431831444737318
10 2.4073377472969328 0.40733774729693273
11 3.1952989199368855 0.19529891993688553
12 3.1952989199368855 0.19529891993688553
13 3.2510986113474241 0.25109861134742428
14 2.3347981484632325 0.33479814846323236
15 2.4332734267332179 0.43327342673321756
16 3.2077338347351039 0.20773383473510429
17 3.2077338347351039 0.20773383473510429
18 3.267086358945134 0.26708635894513411
19 3.356115145260179 0.35611514526017879
20 2.2017985823141011 0.2017985823141013
21 2.4644390883246725 0.46443908832467262
22 3.222676275224158 0.22267627522415809
23 3.222676275224158 0.22267627522415809
24 3.2862980681453462 0.28629806814534614
25 3.3817307575271278 0.38173075752712821
26 3.2163140959320393 0.21631409593203932
27 2.3753685782350091 0.37536857823500941
28 0.47478314308280195 0.47478314308280195
29 1.2276357535328504 0.22763575353285023
30 1.2276357535328504 0.22763575353285023
31 1.2926745402565218 0.29267454025652173
32 1.390232720342029 0.39023272034202899
33 1.2211318748604831 0.22113187486048311
34 1.3837288416696618 0.38372884166966181
35 0.22113187486048314 0.22113187486048311
36 1.0611518278346437 0.061151827834643735
37 2.0772286530707218 0.077228653070721479
38 2.0772286530707218 0.077228653070721479
39 2.1145384378296823 0.11453843782968258
40 3.1145384378296823 0.11453843782968258
41 2.1472637057810209 0.14726370578102047
42 2.189812002085278 0.18981200208527788
43 3.189812002085278 0.18981200208527788
44 3.2440440026810715 0.24404400268107151
45 2.3253920035747622 0.32539200357476206
46 2.2022469168834968 0.20224691688349661
47 3.2022469168834968 0.20224691688349661
48 3.2600317502787814 0.26003175027878139
49 3.3467090003717086 0.34670900037170849
50 2.1964684335439681 0.19646843354396812
51 2.2171893573725505 0.21718935737255041
52 3.2171893573725505 0.21718935737255041
53 3.2792434594789932 0.27924345947899343
54 3.3723246126386579 0.3723246126386579
55 3.2109839471619059 0.21098394716190616
56 2.3661192024280133 0.3661192024280136
57 2.2221488356812422 0.22214883568124258
58 3.2221488356812422 0.22214883568124258
59 3.2856199315901691 0.28561993159016902
60 3.3808265754535585 0.38082657545355869
61 3.21580172609035 0.21580172609034992
62 3.3744794658626658 0.37447946586266601
63 2.21580172609035 0.21580172609034992
64 1.0418785344794281 0.041878534479428138
65 2.0791883192383889 0.079188319238389246
66 2.1018135533065005 0.10181355330650046
67 2.1544618834939846 0.15446188349398454
68 3.1985938502065516 0.19859385020655157
69 2.2647918002754022 0.26479180027540206
70 2.1668967982922029 0.16689679829220327
71 3.2145815978042611 0.21458159780426136
72 3.2861087970723486 0.28610879707234849
73 2.1621283183409972 0.16212831834099747
74 2.1818392387812571 0.1818392387812571
75 3.2337933070044733 0.23379330700447343
76 3.3117244093392979 0.3117244093392979
77 3.1766438319589354 0.17664383195893549
78 2.3065290025169762 0.30652900251697623
79 2.1867987170899492 0.18679871708994925
80 3.2401697791156492 0.24016977911564905
81 3.3202263721541989 0.32022637215419869
82 3.1814616108873794 0.18146161088737925
83 3.3148892659516287 0.31488926595162869
84 2.1814616108873794 0.18146161088737925
85 1.0686399271364786 0.068639927136478526
86 2.1654202240365299 0.16542022403652962
87 2.2205602987153727 0.22056029871537283
88 2.1814079716342394 0.18140797163423941
89 3.2418772955123192 0.24187729551231923
90 2.1370638007903144 0.13706380079031424
91 2.2006196808344516 0.2006196808344515
92 3.2674929077792685 0.26749290777926865
93 3.1515793144082522 0.15157931440825223
94 2.2630346926496139 0.26303469264961415
95 2.206996152945627 0.20699615294562709
96 3.2759948705941695 0.27599487059416944
97 3.1563970933366963 0.15639709333669602
98 3.2713949560842663 0.27139495608426661
99 2.1563970933366963 0.15639709333669602
100 1.1930000268820966 0.19300002688209666
101 2.214317023679043 0.21431702367904309
102 2.1214463134181245 0.12144631341812442
103 2.2399326359459923 0.23993263594599248
104 3.1359618270360623 0.13596182703606244
105 2.2359337586802259 0.23593375868022595
106 2.2484345987608934 0.2484345987608933
107 3.1407796059645059 0.1407796059645062
108 3.2442940221148788 0.24429402211487841
109 2.1407796059645059 0.1407796059645062
110 1.0852025225094193 0.085202522509419357
111 2.0997180361273573 0.099718036127357371
112 2.17304012151512 0.17304012151512016
113 2.1045358150558013 0.10453581505580119
114 3.1814003849497725 0.18140038494977262
115 2.1045358150558013 0.10453581505580119
116 1.0461503989128309 0.046150398912830917
117 2.0545106623474831 0.054510662347483384
118 2.0314129240646515 0.031412924064651439
119 1.0193332925463816 0.019333292546381796
0 2 -2
0 4 -2
0 7 -2
0 11 -2
0 16 -2
0 22 -2
0 29 -2
1 2 2
1 5 -2
1 8 -2
1 12 -2
1 17 -2
1 23 -2
1 30 -2
1 36 -2
1 38 2
1 40 2
1 43 2
1 47 2
1 52 2
1 58 2
2 4 2
2 5 -2
2 7 2
2 8 -2
2 11 2
2 12 -2
2 16 2
2 17 -2
2 22 2
2 23 -2
2 29 2
2 30 -2
3 4 2
3 5 2
3 9 -2
3 13 -2
3 18 -2
3 24 -2
3 31 -2
3 37 -2
3 38 -2
3 41 2
3 44 2
3 48 2
3 53 2
3 59 2
4 5 2
4 7 2
4 9 -2
4 11 2
4 13 -2
4 16 2
4 18 -2
4 22 2
4 24 -2
4 29 2
4 31 -2
4 37 2
4 64 -2
4 66 2
4 68 2
4 71 2
4 75 2
4 80 2
5 8 2
5 9 -2
5 12 2
5 13 -2
5 17 2
5 18 -2
5 23 2
5 24 -2
5 30 2
5 31 -2
6 7 2
6 8 2
6 9 2
6 14 -2
6 19 -2
6 25 -2
6 32 -2
6 39 -2
6 40 -2
6 41 -2
6 45 2
6 49 2
6 54 2
6 60 2
7 8 2
7 9 2
7 11 2
7 14 -2
7 16 2
7 19 -2
7 22 2
7 25 -2
7 29 2
7 32 -2
7 39 2
7 65 -2
7 66 -2
7 69 2
7 72 2
7 76 2
7 81 2
8 9 2
8 12 2
8 14 -2
8 17 2
8 19 -2
8 23 2
8 25 -2
8 30 2
8 32 -2
8 40 2
8 65 2
8 85 -2
8 87 2
8 89 2
8 92 2
8 96 2
9 13 2
9 14 -2
9 18 2
9 19 -2
9 24 2
9 25 -2
9 31 2
9 32 -2
10 11 2
10 12 2
10 13 2
10 14 2
10 20 -2
10 26 -2
10 33 -2
10 42 -2
10 43 -2
10 44 -2
10 45 -2
10 50 2
10 55 2
10 61 2
11 12 2
11 13 2
11 14 2
11 16 2
11 20 -2
11 22 2
11 26 -2
11 29 2
11 33 -2
11 42 2
11 67 -2
11 68 -2
11 69 -2
11 73 2
11 77 2
11 82 2
12 13 2
12 14 2
12 17 2
12 20 -2
12 23 2
12 26 -2
12 30 2
12 33 -2
12 43 2
12 67 2
12 86 -2
12 87 -2
12 90 2
12 93 2
12 97 2
13 14 2
13 18 2
13 20 -2
13 24 2
13 26 -2
13 31 2
13 33 -2
13 44 2
13 68 2
13 86 2
13 100 -2
13 102 2
13 104 2
13 107 2
14 19 2
14 20 -2
14 25 2
14 26 -2
14 32 2
14 33 -2
15 16 2
15 17 2
15 18 2
15 19 2
15 20 2
15 27 -2
15 34 -2
15 46 -2
15 47 -2
15 48 -2
15 49 -2
15 50 -2
15 56 2
15 62 2
16 17 2
16 18 2
16 19 2
16 20 2
16 22 2
16 27 -2
16 29 2
16 34 -2
16 46 2
16 70 -2
16 71 -2
16 72 -2
16 73 -2
16 78 2
16 83 2
17 18 2
17 19 2
17 20 2
17 23 2
17 27 -2
17 30 2
17 34 -2
17 47 2
17 70 2
17 88 -2
17 89 -2
17 90 -2
17 94 2
17 98 2
18 19 2
18 20 2
18 24 2
18 27 -2
18 31 2
18 34 -2
18 48 2
18 71 2
18 88 2
18 101 -2
18 102 -2
18 105 2
18 108 2
19 20 2
19 25 2
19 27 -2
19 32 2
19 34 -2
19 49 2
19 72 2
19 89 2
19 101 2
19 110 -2
19 112 2
19 114 2
20 26 2
20 27 -2
20 33 2
20 34 -2
21 22 2
21 23 2
21 24 2
21 25 2
21 26 2
21 27 2
21 35 -2
21 51 -2
21 52 -2
21 53 -2
21 54 -2
21 55 -2
21 56 -2
21 63 2
22 23 2
22 24 2
22 25 2
22 26 2
22 27 2
22 29 2
22 35 -2
22 51 2
22 74 -2
22 75 -2
22 76 -2
22 77 -2
22 78 -2
22 84 2
23 24 2
23 25 2
23 26 2
23 27 2
23 30 2
23 35 -2
23 52 2
23 74 2
23 91 -2
23 92 -2
23 93 -2
23 94 -2
23 99 2
24 25 2
24 26 2
24 27 2
24 31 2
24 35 -2
24 53 2
24 75 2
24 91 2
24 103 -2
24 104 -2
24 105 -2
24 109 2
25 26 2
25 27 2
25 32 2
25 35 -2
25 54 2
25 76 2
25 92 2
25 103 2
25 111 -2
25 112 -2
25 115 2
26 27 2
26 33 2
26 35 -2
26 55 2
26 77 2
26 93 2
26 104 2
26 111 2
26 116 -2
26 118 2
27 34 2
27 35 -2
28 29 2
28 30 2
28 31 2
28 32 2
28 33 2
28 34 2
28 35 2
28 57 -2
28 58 -2
28 59 -2
28 60 -2
28 61 -2
28 62 -2
28 63 -2
29 30 2
29 31 2
29 32 2
29 33 2
29 34 2
29 35 2
29 57 2
29 79 -2
29 80 -2
29 81 -2
29 82 -2
29 83 -2
29 84 -2
30 31 2
30 32 2
30 33 2
30 34 2
30 35 2
30 58 2
30 79 2
30 95 -2
30 96 -2
30 97 -2
30 98 -2
30 99 -2
31 32 2
31 33 2
31 34 2
31 35 2
31 59 2
31 80 2
31 95 2
31 106 -2
31 107 -2
31 108 -2
31 109 -2
32 33 2
32 34 2
32 35 2
32 60 2
32 81 2
32 96 2
32 106 2
32 113 -2
32 114 -2
32 115 -2
33 34 2
33 35 2
33 61 2
33 82 2
33 97 2
33 107 2
33 113 2
33 117 -2
33 118 -2
34 35 2
34 62 2
34 83 2
34 98 2
34 108 2
34 114 2
34 117 2
34 119 -2
36 38 -2
36 40 -2
36 43 -2
36 47 -2
36 52 -2
36 58 -2
37 38 2
37 41 -2
37 44 -2
37 48 -2
37 53 -2
37 59 -2
37 64 -2
37 66 2
37 68 2
37 71 2
37 75 2
37 80 2
38 40 2
38 41 -2
38 43 2
38 44 -2
38 47 2
38 48 -2
38 52 2
38 53 -2
38 58 2
38 59 -2
39 40 2
39 41 2
39 45 -2
39 49 -2
39 54 -2
39 60 -2
39 65 -2
39 66 -2
39 69 2
39 72 2
39 76 2
39 81 2
40 41 2
40 43 2
40 45 -2
40 47 2
40 49 -2
40 52 2
40 54 -2
40 58 2
40 60 -2
40 65 2
40 85 -2
40 87 2
40 89 2
40 92 2
40 96 2
41 44 2
41 45 -2
41 48 2
41 49 -2
41 53 2
41 54 -2
41 59 2
41 60 -2
42 43 2
42 44 2
42 45 2
42 50 -2
42 55 -2
42 61 -2
42 67 -2
42 68 -2
42 69 -2
42 73 2
42 77 2
42 82 2
43 44 2
43 45 2
43 47 2
43 50 -2
43 52 2
43 55 -2
43 58 2
43 61 -2
43 67 2
43 86 -2
43 87 -2
43 90 2
43 93 2
43 97 2
44 45 2
44 48 2
44 50 -2
44 53 2
44 55 -2
44 59 2
44 61 -2
44 68 2
44 86 2
44 100 -2
44 102 2
44 104 2
44 107 2
45 49 2
45 50 -2
45 54 2
45 55 -2
45 60 2
45 61 -2
46 47 2
46 48 2
46 49 2
46 50 2
46 56 -2
46 62 -2
46 70 -2
46 71 -2
46 72 -2
46 73 -2
46 78 2
46 83 2
47 48 2
47 49 2
47 50 2
47 52 2
47 56 -2
47 58 2
47 62 -2
47 70 2
47 88 -2
47 89 -2
47 90 -2
47 94 2
47 98 2
48 49 2
48 50 2
48 53 2
48 56 -2
48 59 2
48 62 -2
48 71 2
48 88 2
48 101 -2
48 102 -2
48 105 2
48 108 2
49 50 2
49 54 2
49 56 -2
49 60 2
49 62 -2
49 72 2
49 89 2
49 101 2
49 110 -2
49 112 2
49 114 2
50 55 2
50 56 -2
50 61 2
50 62 -2
51 52 2
51 53 2
51 54 2
51 55 2
51 56 2
51 63 -2
51 74 -2
51 75 -2
51 76 -2
51 77 -2
51 78 -2
51 84 2
52 53 2
52 54 2
52 55 2
52 56 2
52 58 2
52 63 -2
52 74 2
52 91 -2
52 92 -2
52 93 -2
52 94 -2
52 99 2
53 54 2
53 55 2
53 56 2
53 59 2
53 63 -2
53 75 2
53 91 2
53 103 -2
53 104 -2
53 105 -2
53 109 2
54 55 2
54 56 2
54 60 2
54 63 -2
54 76 2
54 92 2
54 103 2
54 111 -2
54 112 -2
54 115 2
55 56 2
55 61 2
55 63 -2
55 77 2
55 93 2
55 104 2
55 111 2
55 116 -2
55 118 2
56 62 2
56 63 -2
57 58 2
57 59 2
57 60 2
57 61 2
57 62 2
57 63 2
57 79 -2
57 80 -2
57 81 -2
57 82 -2
57 83 -2
57 84 -2
58 59 2
58 60 2
58 61 2
58 62 2
58 63 2
58 79 2
58 95 -2
58 96 -2
58 97 -2
58 98 -2
58 99 -2
59 60 2
59 61 2
59 62 2
59 63 2
59 80 2
59 95 2
59 106 -2
59 107 -2
59 108 -2
59 109 -2
60 61 2
60 62 2
60 63 2
60 81 2
60 96 2
60 106 2
60 113 -2
60 114 -2
60 115 -2
61 62 2
61 63 2
61 82 2
61 97 2
61 107 2
61 113 2
61 117 -2
61 118 -2
62 63 2
62 83 2
62 98 2
62 108 2
62 114 2
62 117 2
62 119 -2
64 66 -2
64 68 -2
64 71 -2
64 75 -2
64 80 -2
65 66 2
65 69 -2
65 72 -2
65 76 -2
65 81 -2
65 85 -2
65 87 2
65 89 2
65 92 2
65 96 2
66 68 2
66 69 -2
66 71 2
66 72 -2
66 75 2
66 76 -2
66 80 2
66 81 -2
67 68 2
67 69 2
67 73 -2
67 77 -2
67 82 -2
67 86 -2
67 87 -2
67 90 2
67 93 2
67 97 2
68 69 2
68 71 2
68 73 -2
68 75 2
68 77 -2
68 80 2
68 82 -2
68 86 2
68 100 -2
68 102 2
68 104 2
68 107 2
69 72 2
69 73 -2
69 76 2
69 77 -2
69 81 2
69 82 -2
70 71 2
70 72 2
70 73 2
70 78 -2
70 83 -2
70 88 -2
70 89 -2
70 90 -2
70 94 2
70 98 2
71 72 2
71 73 2
71 75 2
71 78 -2
71 80 2
71 83 -2
71 88 2
71 101 -2
71 102 -2
71 105 2
71 108 2
72 73 2
72 76 2
72 78 -2
72 81 2
72 83 -2
72 89 2
72 101 2
72 110 -2
72 112 2
72 114 2
73 77 2
73 78 -2
73 82 2
73 83 -2
74 75 2
74 76 2
74 77 2
74 78 2
74 84 -2
74 91 -2
74 92 -2
74 93 -2
74 94 -2
74 99 2
75 76 2
75 77 2
75 78 2
75 80 2
75 84 -2
75 91 2
75 103 -2
75 104 -2
75 105 -2
75 109 2
76 77 2
76 78 2
76 81 2
76 84 -2
76 92 2
76 103 2
76 111 -2
76 112 -2
76 115 2
77 78 2
77 82 2
77 84 -2
77 93 2
77 104 2
77 111 2
77 116 -2
77 118 2
78 83 2
78 84 -2
79 80 2
79 81 2
79 82 2
79 83 2
79 84 2
79 95 -2
79 96 -2
79 97 -2
79 98 -2
79 99 -2
80 81 2
80 82 2
80 83 2
80 84 2
80 95 2
80 106 -2
80 107 -2
80 108 -2
80 109 -2
81 82 2
81 83 2
81 84 2
81 96 2
81 106 2
81 113 -2
81 114 -2
81 115 -2
82 83 2
82 84 2
82 97 2
82 107 2
82 113 2
82 117 -2
82 118 -2
83 84 2
83 98 2
83 108 2
83 114 2
83 117 2
83 119 -2
85 87 -2
85 89 -2
85 92 -2
85 96 -2
86 87 2
86 90 -2
86 93 -2
86 97 -2
86 100 -2
86 102 2
86 104 2
86 107 2
87 89 2
87 90 -2
87 92 2
87 93 -2
87 96 2
87 97 -2
88 89 2
88 90 2
88 94 -2
88 98 -2
88 101 -2
88 102 -2
88 105 2
88 108 2
89 90 2
89 92 2
89 94 -2
89 96 2
89 98 -2
89 101 2
89 110 -2
89 112 2
89 114 2
90 93 2
90 94 -2
90 97 2
90 98 -2
91 92 2
91 93 2
91 94 2
91 99 -2
91 103 -2
91 104 -2
91 105 -2
91 109 2
92 93 2
92 94 2
92 96 2
92 99 -2
92 103 2
92 111 -2
92 112 -2
92 115 2
93 94 2
93 97 2
93 99 -2
93 104 2
93 111 2
93 116 -2
93 118 2
94 98 2
94 99 -2
95 96 2
95 97 2
95 98 2
95 99 2
95 106 -2
95 107 -2
95 108 -2
95 109 -2
96 97 2
96 98 2
96 99 2
96 106 2
96 113 -2
96 114 -2
96 115 -2
97 98 2
97 99 2
97 107 2
97 113 2
97 117 -2
97 118 -2
98 99 2
98 108 2
98 114 2
98 117 2
98 119 -2
100 102 -2
100 104 -2
100 107 -2
101 102 2
101 105 -2
101 108 -2
101 110 -2
101 112 2
101 114 2
102 104 2
102 105 -2
102 107 2
102 108 -2
103 104 2
103 105 2
103 109 -2
103 111 -2
103 112 -2
103 115 2
104 105 2
104 107 2
104 109 -2
104 111 2
104 116 -2
104 118 2
105 108 2
105 109 -2
106 107 2
106 108 2
106 109 2
106 113 -2
106 114 -2
106 115 -2
107 108 2
107 109 2
107 113 2
107 117 -2
107 118 -2
108 109 2
108 114 2
108 117 2
108 119 -2
110 112 -2
110 114 -2
111 112 2
111 115 -2
111 116 -2
111 118 2
112 114 2
112 115 -2
113 114 2
113 115 2
113 117 -2
113 118 -2
114 115 2
114 117 2
114 119 -2
116 118 -2
117 118 2
117 119 -2
