56 315 1 141.18776363477716 128.04205909094628
0 1.0406298417050963 0.040629841705096183
1 2.0793029459024823 0.079302945902482505
2 2.06740750401711 0.067407504017110126
3 2.1148420340000302 0.11484203400003008
4 3.0976157289000255 0.097615728900025567
5 2.1378104408000365 0.13781044080003613
6 2.1340758184907984 0.13407581849079822
7 3.1139644457171785 0.11396444571717851
8 3.1608909821889584 0.16089098218895789
9 2.1541871912644179 0.15418719126441799
10 2.2529350010305493 0.25293500103054906
11 3.2149947508759666 0.21499475087596667
12 3.3035220012366593 0.30352200123665884
13 3.2908752511851316 0.29087525118513141
14 2.392049251597351 0.39204925159735099
15 0.28331067062915971 0.28331067062915971
16 1.2408140700347858 0.24081407003478572
17 1.3399728047549917 0.33997280475499164
18 1.3258072712235336 0.32580727122353365
19 1.4391315394751976 0.43913153947519751
20 0.26206237033197272 0.26206237033197272
21 1.0427244196597787 0.04272441965977869
22 2.0729326445426937 0.072932644542694144
23 2.102963733472039 0.1029637334720388
24 2.0892813613598471 0.089281361359847072
25 3.1260442748609609 0.12604427486096059
26 2.1207924300750869 0.12079243007508721
27 2.1903116665186353 0.19031166651863526
28 3.2686752939086618 0.26867529390866157
29 3.2574804899958005 0.25748048999580064
30 2.347038921298688 0.34703892129868785
31 2.2161309856774545 0.21613098567745434
32 3.3051260974269949 0.30512609742699437
33 3.292412510034203 0.29241251003420293
34 3.3941212091765349 0.39412120917653443
35 2.2352013667666415 0.23520136676664147
36 1.0890546307539208 0.089054630753920699
37 2.1121351721428425 0.11213517214284248
38 2.1074628733035574 0.10746287330355737
39 2.2547661911905434 0.25476619119054345
40 3.2441509332242706 0.24415093322427078
41 2.3290729969544519 0.32907299695445191
42 2.2912169947088761 0.29121699470887624
43 3.2790829532626735 0.27908295326267307
44 3.3761552848322989 0.37615528483229849
45 2.2244797667547589 0.22447976675475878
46 1.0629888034765631 0.062988803476563091
47 2.1996768633972765 0.1996768633972765
48 2.2691296854485032 0.26912968544850313
49 2.234608883435679 0.23460888343567879
50 3.3162119733263493 0.3162119733263497
51 2.1887071453721765 0.18870714537217642
52 1.2140440988973045 0.21404409889730439
53 2.261126386775151 0.26112638677515093
54 2.155833488881945 0.1558334888819449
55 1.1380422382279842 0.13804223822798437
0 2 -2
0 4 -2
0 7 -2
0 11 -2
0 16 -2
1 2 2
1 5 -2
1 8 -2
1 12 -2
1 17 -2
1 21 -2
1 23 2
1 25 2
1 28 2
1 32 2
2 4 2
2 5 -2
2 7 2
2 8 -2
2 11 2
2 12 -2
2 16 2
2 17 -2
3 4 2
3 5 2
3 9 -2
3 13 -2
3 18 -2
3 22 -2
3 23 -2
3 26 2
3 29 2
3 33 2
4 5 2
4 7 2
4 9 -2
4 11 2
4 13 -2
4 16 2
4 18 -2
4 22 2
4 36 -2
4 38 2
4 40 2
4 43 2
5 8 2
5 9 -2
5 12 2
5 13 -2
5 17 2
5 18 -2
6 7 2
6 8 2
6 9 2
6 14 -2
6 19 -2
6 24 -2
6 25 -2
6 26 -2
6 30 2
6 34 2
7 8 2
7 9 2
7 11 2
7 14 -2
7 16 2
7 19 -2
7 24 2
7 37 -2
7 38 -2
7 41 2
7 44 2
8 9 2
8 12 2
8 14 -2
8 17 2
8 19 -2
8 25 2
8 37 2
8 46 -2
8 48 2
8 50 2
9 13 2
9 14 -2
9 18 2
9 19 -2
10 11 2
10 12 2
10 13 2
10 14 2
10 20 -2
10 27 -2
10 28 -2
10 29 -2
10 30 -2
10 35 2
11 12 2
11 13 2
11 14 2
11 16 2
11 20 -2
11 27 2
11 39 -2
11 40 -2
11 41 -2
11 45 2
12 13 2
12 14 2
12 17 2
12 20 -2
12 28 2
12 39 2
12 47 -2
12 48 -2
12 51 2
13 14 2
13 18 2
13 20 -2
13 29 2
13 40 2
13 47 2
13 52 -2
13 54 2
14 19 2
14 20 -2
15 16 2
15 17 2
15 18 2
15 19 2
15 20 2
15 31 -2
15 32 -2
15 33 -2
15 34 -2
15 35 -2
16 17 2
16 18 2
16 19 2
16 20 2
16 31 2
16 42 -2
16 43 -2
16 44 -2
16 45 -2
17 18 2
17 19 2
17 20 2
17 32 2
17 42 2
17 49 -2
17 50 -2
17 51 -2
18 19 2
18 20 2
18 33 2
18 43 2
18 49 2
18 53 -2
18 54 -2
19 20 2
19 34 2
19 44 2
19 50 2
19 53 2
19 55 -2
21 23 -2
21 25 -2
21 28 -2
21 32 -2
22 23 2
22 26 -2
22 29 -2
22 33 -2
22 36 -2
22 38 2
22 40 2
22 43 2
23 25 2
23 26 -2
23 28 2
23 29 -2
23 32 2
23 33 -2
24 25 2
24 26 2
24 30 -2
24 34 -2
24 37 -2
24 38 -2
24 41 2
24 44 2
25 26 2
25 28 2
25 30 -2
25 32 2
25 34 -2
25 37 2
25 46 -2
25 48 2
25 50 2
26 29 2
26 30 -2
26 33 2
26 34 -2
27 28 2
27 29 2
27 30 2
27 35 -2
27 39 -2
27 40 -2
27 41 -2
27 45 2
28 29 2
28 30 2
28 32 2
28 35 -2
28 39 2
28 47 -2
28 48 -2
28 51 2
29 30 2
29 33 2
29 35 -2
29 40 2
29 47 2
29 52 -2
29 54 2
30 34 2
30 35 -2
31 32 2
31 33 2
31 34 2
31 35 2
31 42 -2
31 43 -2
31 44 -2
31 45 -2
32 33 2
32 34 2
32 35 2
32 42 2
32 49 -2
32 50 -2
32 51 -2
33 34 2
33 35 2
33 43 2
33 49 2
33 53 -2
33 54 -2
34 35 2
34 44 2
34 50 2
34 53 2
34 55 -2
36 38 -2
36 40 -2
36 43 -2
37 38 2
37 41 -2
37 44 -2
37 46 -2
37 48 2
37 50 2
38 40 2
38 41 -2
38 43 2
38 44 -2
39 40 2
39 41 2
39 45 -2
39 47 -2
39 48 -2
39 51 2
40 41 2
40 43 2
40 45 -2
40 47 2
40 52 -2
40 54 2
41 44 2
41 45 -2
42 43 2
42 44 2
42 45 2
42 49 -2
42 50 -2
42 51 -2
43 44 2
43 45 2
43 49 2
43 53 -2
43 54 -2
44 45 2
44 50 2
44 53 2
44 55 -2
46 48 -2
46 50 -2
47 48 2
47 51 -2
47 52 -2
47 54 2
48 50 2
48 51 -2
49 50 2
49 51 2
49 53 -2
49 54 -2
50 51 2
50 53 2
50 55 -2
52 54 -2
53 54 2
53 55 -2
