35 150 1 96.595309561553876 87.813917783230806
0 1.1746291490864387 0.17462914908643865
1 2.4778669730408986 0.47786697304089865
2 2.2986668581505616 0.29866685815056165
3 2.489503986060587 0.48950398606058687
4 3.3059399912878669 0.30593999128786681
5 2.297198848679642 0.29719884867964202
6 2.5582588861811661 0.55825888618116593
7 3.3489118038632286 0.34891180386322873
8 3.3389428951814217 0.33894289518142223
9 2.4087252559540682 0.40872525595406795
10 0.57973829427312784 0.57973829427312784
11 1.3623364339207049 0.36233643392070491
12 1.3519839643801133 0.35198396438011331
13 1.4244512511642544 0.42445125116425431
14 0.38304137300188806 0.38304137300188806
15 1.2734129373912537 0.27341293739125372
16 2.2806860705285588 0.28068607052855887
17 2.2726664685134574 0.27266646851345716
18 2.323657883103921 0.3236578831039208
19 3.3144105150152372 0.31441051501523731
20 2.3791420916360213 0.37914209163602147
21 2.337082513161397 0.33708251316139698
22 3.3274515842139287 0.32745158421392845
23 3.3948680868462078 0.39486808684620789
24 2.3563443710563341 0.35634437105633393
25 1.1911740081628757 0.19117400816287572
26 2.2329180546646561 0.23291805466465587
27 2.2808717718014968 0.28087177180149681
28 2.2459591238633472 0.24595912386334701
29 3.2965977670116828 0.29659776701168317
30 2.2676613994983481 0.26766139949834822
31 1.0588583649776957 0.058858364977695699
32 2.0745843601878819 0.074584360187882087
33 2.0673078372427232 0.067307837242722865
34 1.0596190964975716 0.059619096497571682
0 2 -2
0 4 -2
0 7 -2
0 11 -2
1 2 2
1 5 -2
1 8 -2
1 12 -2
1 15 -2
1 17 2
1 19 2
1 22 2
2 4 2
2 5 -2
2 7 2
2 8 -2
2 11 2
2 12 -2
3 4 2
3 5 2
3 9 -2
3 13 -2
3 16 -2
3 17 -2
3 20 2
3 23 2
4 5 2
4 7 2
4 9 -2
4 11 2
4 13 -2
4 16 2
4 25 -2
4 27 2
4 29 2
5 8 2
5 9 -2
5 12 2
5 13 -2
6 7 2
6 8 2
6 9 2
6 14 -2
6 18 -2
6 19 -2
6 20 -2
6 24 2
7 8 2
7 9 2
7 11 2
7 14 -2
7 18 2
7 26 -2
7 27 -2
7 30 2
8 9 2
8 12 2
8 14 -2
8 19 2
8 26 2
8 31 -2
8 33 2
9 13 2
9 14 -2
10 11 2
10 12 2
10 13 2
10 14 2
10 21 -2
10 22 -2
10 23 -2
10 24 -2
11 12 2
11 13 2
11 14 2
11 21 2
11 28 -2
11 29 -2
11 30 -2
12 13 2
12 14 2
12 22 2
12 28 2
12 32 -2
12 33 -2
13 14 2
13 23 2
13 29 2
13 32 2
13 34 -2
15 17 -2
15 19 -2
15 22 -2
16 17 2
16 20 -2
16 23 -2
16 25 -2
16 27 2
16 29 2
17 19 2
17 20 -2
17 22 2
17 23 -2
18 19 2
18 20 2
18 24 -2
18 26 -2
18 27 -2
18 30 2
19 20 2
19 22 2
19 24 -2
19 26 2
19 31 -2
19 33 2
20 23 2
20 24 -2
21 22 2
21 23 2
21 24 2
21 28 -2
21 29 -2
21 30 -2
22 23 2
22 24 2
22 28 2
22 32 -2
22 33 -2
23 24 2
23 29 2
23 32 2
23 34 -2
25 27 -2
25 29 -2
26 27 2
26 30 -2
26 31 -2
26 33 2
27 29 2
27 30 -2
28 29 2
28 30 2
28 32 -2
28 33 -2
29 30 2
29 32 2
29 34 -2
31 33 -2
32 33 2
32 34 -2
