120 1008 1 149.3334845893533 130.27620859284025
0 1.0177712568963277 0.017771256896327817
1 2.0506849820062016 0.05068498200620121
2 2.038549141244153 0.038549141244153033
3 2.125933171717926 0.12593317171792581
4 3.09578015877138 0.095780158771380214
5 2.1454439448009848 0.14544394480098474
6 2.1682908541155728 0.16829085411557296
7 3.1279958608766329 0.12799586087663295
8 3.1943640850348869 0.19436408503488711
9 2.1066632173971942 0.10666321739719414
10 2.2752889529139675 0.27528895291396743
11 3.2093746965824543 0.20937469658245411
12 3.3179393540696522 0.31793935406965251
13 3.1744789138187119 0.17447891381871175
14 2.1240738942710835 0.12407389427108391
15 2.337750846103289 0.33775084610328909
16 3.2568809252053184 0.25688092520531847
17 3.3900784419784467 0.39007844197844654
18 3.2140674376710989 0.21406743767109873
19 3.1522257334550035 0.15222573345500354
20 2.199796275159692 0.19979627515969214
21 2.3812700836230563 0.38127008362305614
22 3.289980063600634 0.28998006360063427
23 3.4403400965787405 0.4403400965787409
24 3.2416500530005288 0.24165005300052855
25 3.171840037689265 0.17184003768926476
26 3.2255400494671598 0.22554004946716
27 2.1772100388670546 0.17721003886705428
28 0.47544594700405141 0.47544594700405141
29 1.3616067765946307 0.36160677659463064
30 1.5491065866807354 0.54910658668073542
31 1.3013389804955255 0.30133898049552554
32 1.2142854972412627 0.21428549724126261
33 1.2812497151291571 0.2812497151291572
34 1.2209819190300522 0.22098191903005207
35 0.36830319838342013 0.36830319838342013
36 1.0278565290132964 0.02785652901329622
37 2.0850875465405236 0.085087546540523404
38 2.1292070151170908 0.1292070151170911
39 2.1173032486457766 0.11730324864577615
40 3.1781271553509933 0.17812715535099344
41 2.0977527072048132 0.097752707204813466
42 2.1986820843515971 0.19868208435159729
43 3.3017024243857591 0.30170242438575884
44 3.165568403626331 0.16556840362633107
45 2.117737531467613 0.11773753146761322
46 2.2461883129744615 0.24618831297446167
47 3.3738415122945531 0.37384151229455292
48 3.2051569274787179 0.20515692747871805
49 3.1458893706515325 0.14588937065153285
50 2.1914797989801365 0.19147979898013684
51 2.2792874513697772 0.27928745136977745
52 3.424103166894847 0.42410316689484723
53 3.2327395428081482 0.23273954280814785
54 3.1655036748857941 0.16550367488579404
55 3.2172235732876047 0.21722357328760467
56 2.1706756647259753 0.17067566472597512
57 2.3509141643637737 0.35091416436377382
58 3.5328696569968412 0.53286965699684175
59 3.2924284703031446 0.29242847030314484
60 3.2079491344377922 0.20794913443779192
61 3.272933238949602 0.27293323894960192
62 3.2144475448889729 0.21444754488897291
63 2.3574125748149548 0.35741257481495486
64 1.1249193945826907 0.12491939458269069
65 2.1738395348165929 0.17383953481659303
66 2.0953997447164232 0.095399744716422999
67 2.2974148038513587 0.29741480385135843
68 3.1632154411379405 0.16321544113794062
69 2.1160643136980912 0.1160643136980911
70 2.3695538917601526 0.36955389176015252
71 3.2028039649903275 0.20280396499032757
72 3.1442161528820107 0.14421615288201073
73 2.1892837006576391 0.18928370065763908
74 2.4198155463604469 0.41981554636044682
75 3.2303865803197573 0.23038658031975739
76 3.1638304571162719 0.16383045711627192
77 3.2150274749651069 0.21502747496510691
78 2.1689501589011551 0.16895015890115542
79 2.5285820364624416 0.5285820364624414
80 3.2900755078147541 0.29007550781475439
81 3.2062759166682695 0.2062759166682698
82 3.2707371406271042 0.27073714062710413
83 3.2127220390641531 0.21272203906415324
84 2.3545367317735884 0.35453673177358869
85 1.0745389330270667 0.074538933027066615
86 2.142354629448584 0.14235462944858424
87 2.1012299587189931 0.10122995871899322
88 2.1819431533009714 0.18194315330097119
89 3.1293817979029126 0.12938179790291285
90 2.1698136097475733 0.16981360974757312
91 2.2095257686304008 0.20952576863040101
92 3.1489961021371742 0.14899610213717407
93 3.1955573840550411 0.19555738405504094
94 2.1536522303289609 0.15365223032896075
95 2.2692146961253981 0.269214696125398
96 3.1914415616891718 0.19144156168917192
97 3.2512670497170379 0.25126704971703812
98 3.1974241104919585 0.19742411049195854
99 2.3290401841532642 0.32904018415326425
100 1.0673152816658216 0.067315281665821569
101 2.0954671208497411 0.095467120849741197
102 2.1253005961152853 0.12530059611528532
103 2.1150814250840027 0.1150814250840024
104 3.1510443704227531 0.15104437042275315
105 2.1186777196178772 0.11867771961787749
106 2.1575268846360003 0.15752688463600026
107 3.2067540360847504 0.20675403608475035
108 3.1624495997808753 0.16244959978087528
109 2.2707493329681254 0.27074933296812548
110 1.1002439389223109 0.10024393892231094
111 2.1259877132297791 0.12598771322977881
112 2.0989903461091117 0.098990346109111907
113 2.181697378891776 0.18169737889177598
114 3.1427622262721098 0.14276222627210969
115 2.2379370437868498 0.23793704378684952
116 1.049258835399999 0.049258835399998986
117 2.093030715562997 0.093030715562996774
118 2.1550511926049944 0.15505119260499461
119 1.1066652190076329 0.10666521900763277
0 2 -2
0 4 -2
0 7 -2
0 11 -2
0 16 -2
0 22 -2
0 29 -2
1 2 2
1 5 -2
1 8 -2
1 12 -2
1 17 -2
1 23 -2
1 30 -2
1 36 -2
1 38 2
1 40 2
1 43 2
1 47 2
1 52 2
1 58 2
2 4 2
2 5 -2
2 7 2
2 8 -2
2 11 2
2 12 -2
2 16 2
2 17 -2
2 22 2
2 23 -2
2 29 2
2 30 -2
3 4 2
3 5 2
3 9 -2
3 13 -2
3 18 -2
3 24 -2
3 31 -2
3 37 -2
3 38 -2
3 41 2
3 44 2
3 48 2
3 53 2
3 59 2
4 5 2
4 7 2
4 9 -2
4 11 2
4 13 -2
4 16 2
4 18 -2
4 22 2
4 24 -2
4 29 2
4 31 -2
4 37 2
4 64 -2
4 66 2
4 68 2
4 71 2
4 75 2
4 80 2
5 8 2
5 9 -2
5 12 2
5 13 -2
5 17 2
5 18 -2
5 23 2
5 24 -2
5 30 2
5 31 -2
6 7 2
6 8 2
6 9 2
6 14 -2
6 19 -2
6 25 -2
6 32 -2
6 39 -2
6 40 -2
6 41 -2
6 45 2
6 49 2
6 54 2
6 60 2
7 8 2
7 9 2
7 11 2
7 14 -2
7 16 2
7 19 -2
7 22 2
7 25 -2
7 29 2
7 32 -2
7 39 2
7 65 -2
7 66 -2
7 69 2
7 72 2
7 76 2
7 81 2
8 9 2
8 12 2
8 14 -2
8 17 2
8 19 -2
8 23 2
8 25 -2
8 30 2
8 32 -2
8 40 2
8 65 2
8 85 -2
8 87 2
8 89 2
8 92 2
8 96 2
9 13 2
9 14 -2
9 18 2
9 19 -2
9 24 2
9 25 -2
9 31 2
9 32 -2
10 11 2
10 12 2
10 13 2
10 14 2
10 20 -2
10 26 -2
10 33 -2
10 42 -2
10 43 -2
10 44 -2
10 45 -2
10 50 2
10 55 2
10 61 2
11 12 2
11 13 2
11 14 2
11 16 2
11 20 -2
11 22 2
11 26 -2
11 29 2
11 33 -2
11 42 2
11 67 -2
11 68 -2
11 69 -2
11 73 2
11 77 2
11 82 2
12 13 2
12 14 2
12 17 2
12 20 -2
12 23 2
12 26 -2
12 30 2
12 33 -2
12 43 2
12 67 2
12 86 -2
12 87 -2
12 90 2
12 93 2
12 97 2
13 14 2
13 18 2
13 20 -2
13 24 2
13 26 -2
13 31 2
13 33 -2
13 44 2
13 68 2
13 86 2
13 100 -2
13 102 2
13 104 2
13 107 2
14 19 2
14 20 -2
14 25 2
14 26 -2
14 32 2
14 33 -2
15 16 2
15 17 2
15 18 2
15 19 2
15 20 2
15 27 -2
15 34 -2
15 46 -2
15 47 -2
15 48 -2
15 49 -2
15 50 -2
15 56 2
15 62 2
16 17 2
16 18 2
16 19 2
16 20 2
16 22 2
16 27 -2
16 29 2
16 34 -2
16 46 2
16 70 -2
16 71 -2
16 72 -2
16 73 -2
16 78 2
16 83 2
17 18 2
17 19 2
17 20 2
17 23 2
17 27 -2
17 30 2
17 34 -2
17 47 2
17 70 2
17 88 -2
17 89 -2
17 90 -2
17 94 2
17 98 2
18 19 2
18 20 2
18 24 2
18 27 -2
18 31 2
18 34 -2
18 48 2
18 71 2
18 88 2
18 101 -2
18 102 -2
18 105 2
18 108 2
19 20 2
19 25 2
19 27 -2
19 32 2
19 34 -2
19 49 2
19 72 2
19 89 2
19 101 2
19 110 -2
19 112 2
19 114 2
20 26 2
20 27 -2
20 33 2
20 34 -2
21 22 2
21 23 2
21 24 2
21 25 2
21 26 2
21 27 2
21 35 -2
21 51 -2
21 52 -2
21 53 -2
21 54 -2
21 55 -2
21 56 -2
21 63 2
22 23 2
22 24 2
22 25 2
22 26 2
22 27 2
22 29 2
22 35 -2
22 51 2
22 74 -2
22 75 -2
22 76 -2
22 77 -2
22 78 -2
22 84 2
23 24 2
23 25 2
23 26 2
23 27 2
23 30 2
23 35 -2
23 52 2
23 74 2
23 91 -2
23 92 -2
23 93 -2
23 94 -2
23 99 2
24 25 2
24 26 2
24 27 2
24 31 2
24 35 -2
24 53 2
24 75 2
24 91 2
24 103 -2
24 104 -2
24 105 -2
24 109 2
25 26 2
25 27 2
25 32 2
25 35 -2
25 54 2
25 76 2
25 92 2
25 103 2
25 111 -2
25 112 -2
25 115 2
26 27 2
26 33 2
26 35 -2
26 55 2
26 77 2
26 93 2
26 104 2
26 111 2
26 116 -2
26 118 2
27 34 2
27 35 -2
28 29 2
28 30 2
28 31 2
28 32 2
28 33 2
28 34 2
28 35 2
28 57 -2
28 58 -2
28 59 -2
28 60 -2
28 61 -2
28 62 -2
28 63 -2
29 30 2
29 31 2
29 32 2
29 33 2
29 34 2
29 35 2
29 57 2
29 79 -2
29 80 -2
29 81 -2
29 82 -2
29 83 -2
29 84 -2
30 31 2
30 32 2
30 33 2
30 34 2
30 35 2
30 58 2
30 79 2
30 95 -2
30 96 -2
30 97 -2
30 98 -2
30 99 -2
31 32 2
31 33 2
31 34 2
31 35 2
31 59 2
31 80 2
31 95 2
31 106 -2
31 107 -2
31 108 -2
31 109 -2
32 33 2
32 34 2
32 35 2
32 60 2
32 81 2
32 96 2
32 106 2
32 113 -2
32 114 -2
32 115 -2
33 34 2
33 35 2
33 61 2
33 82 2
33 97 2
33 107 2
33 113 2
33 117 -2
33 118 -2
34 35 2
34 62 2
34 83 2
34 98 2
34 108 2
34 114 2
34 117 2
34 119 -2
36 38 -2
36 40 -2
36 43 -2
36 47 -2
36 52 -2
36 58 -2
37 38 2
37 41 -2
37 44 -2
37 48 -2
37 53 -2
37 59 -2
37 64 -2
37 66 2
37 68 2
37 71 2
37 75 2
37 80 2
38 40 2
38 41 -2
38 43 2
38 44 -2
38 47 2
38 48 -2
38 52 2
38 53 -2
38 58 2
38 59 -2
39 40 2
39 41 2
39 45 -2
39 49 -2
39 54 -2
39 60 -2
39 65 -2
39 66 -2
39 69 2
39 72 2
39 76 2
39 81 2
40 41 2
40 43 2
40 45 -2
40 47 2
40 49 -2
40 52 2
40 54 -2
40 58 2
40 60 -2
40 65 2
40 85 -2
40 87 2
40 89 2
40 92 2
40 96 2
41 44 2
41 45 -2
41 48 2
41 49 -2
41 53 2
41 54 -2
41 59 2
41 60 -2
42 43 2
42 44 2
42 45 2
42 50 -2
42 55 -2
42 61 -2
42 67 -2
42 68 -2
42 69 -2
42 73 2
42 77 2
42 82 2
43 44 2
43 45 2
43 47 2
43 50 -2
43 52 2
43 55 -2
43 58 2
43 61 -2
43 67 2
43 86 -2
43 87 -2
43 90 2
43 93 2
43 97 2
44 45 2
44 48 2
44 50 -2
44 53 2
44 55 -2
44 59 2
44 61 -2
44 68 2
44 86 2
44 100 -2
44 102 2
44 104 2
44 107 2
45 49 2
45 50 -2
45 54 2
45 55 -2
45 60 2
45 61 -2
46 47 2
46 48 2
46 49 2
46 50 2
46 56 -2
46 62 -2
46 70 -2
46 71 -2
46 72 -2
46 73 -2
46 78 2
46 83 2
47 48 2
47 49 2
47 50 2
47 52 2
47 56 -2
47 58 2
47 62 -2
47 70 2
47 88 -2
47 89 -2
47 90 -2
47 94 2
47 98 2
48 49 2
48 50 2
48 53 2
48 56 -2
48 59 2
48 62 -2
48 71 2
48 88 2
48 101 -2
48 102 -2
48 105 2
48 108 2
49 50 2
49 54 2
49 56 -2
49 60 2
49 62 -2
49 72 2
49 89 2
49 101 2
49 110 -2
49 112 2
49 114 2
50 55 2
50 56 -2
50 61 2
50 62 -2
51 52 2
51 53 2
51 54 2
51 55 2
51 56 2
51 63 -2
51 74 -2
51 75 -2
51 76 -2
51 77 -2
51 78 -2
51 84 2
52 53 2
52 54 2
52 55 2
52 56 2
52 58 2
52 63 -2
52 74 2
52 91 -2
52 92 -2
52 93 -2
52 94 -2
52 99 2
53 54 2
53 55 2
53 56 2
53 59 2
53 63 -2
53 75 2
53 91 2
53 103 -2
53 104 -2
53 105 -2
53 109 2
54 55 2
54 56 2
54 60 2
54 63 -2
54 76 2
54 92 2
54 103 2
54 111 -2
54 112 -2
54 115 2
55 56 2
55 61 2
55 63 -2
55 77 2
55 93 2
55 104 2
55 111 2
55 116 -2
55 118 2
56 62 2
56 63 -2
57 58 2
57 59 2
57 60 2
57 61 2
57 62 2
57 63 2
57 79 -2
57 80 -2
57 81 -2
57 82 -2
57 83 -2
57 84 -2
58 59 2
58 60 2
58 61 2
58 62 2
58 63 2
58 79 2
58 95 -2
58 96 -2
58 97 -2
58 98 -2
58 99 -2
59 60 2
59 61 2
59 62 2
59 63 2
59 80 2
59 95 2
59 106 -2
59 107 -2
59 108 -2
59 109 -2
60 61 2
60 62 2
60 63 2
60 81 2
60 96 2
60 106 2
60 113 -2
60 114 -2
60 115 -2
61 62 2
61 63 2
61 82 2
61 97 2
61 107 2
61 113 2
61 117 -2
61 118 -2
62 63 2
62 83 2
62 98 2
62 108 2
62 114 2
62 117 2
62 119 -2
64 66 -2
64 68 -2
64 71 -2
64 75 -2
64 80 -2
65 66 2
65 69 -2
65 72 -2
65 76 -2
65 81 -2
65 85 -2
65 87 2
65 89 2
65 92 2
65 96 2
66 68 2
66 69 -2
66 71 2
66 72 -2
66 75 2
66 76 -2
66 80 2
66 81 -2
67 68 2
67 69 2
67 73 -2
67 77 -2
67 82 -2
67 86 -2
67 87 -2
67 90 2
67 93 2
67 97 2
68 69 2
68 71 2
68 73 -2
68 75 2
68 77 -2
68 80 2
68 82 -2
68 86 2
68 100 -2
68 102 2
68 104 2
68 107 2
69 72 2
69 73 -2
69 76 2
69 77 -2
69 81 2
69 82 -2
70 71 2
70 72 2
70 73 2
70 78 -2
70 83 -2
70 88 -2
70 89 -2
70 90 -2
70 94 2
70 98 2
71 72 2
71 73 2
71 75 2
71 78 -2
71 80 2
71 83 -2
71 88 2
71 101 -2
71 102 -2
71 105 2
71 108 2
72 73 2
72 76 2
72 78 -2
72 81 2
72 83 -2
72 89 2
72 101 2
72 110 -2
72 112 2
72 114 2
73 77 2
73 78 -2
73 82 2
73 83 -2
74 75 2
74 76 2
74 77 2
74 78 2
74 84 -2
74 91 -2
74 92 -2
74 93 -2
74 94 -2
74 99 2
75 76 2
75 77 2
75 78 2
75 80 2
75 84 -2
75 91 2
75 103 -2
75 104 -2
75 105 -2
75 109 2
76 77 2
76 78 2
76 81 2
76 84 -2
76 92 2
76 103 2
76 111 -2
76 112 -2
76 115 2
77 78 2
77 82 2
77 84 -2
77 93 2
77 104 2
77 111 2
77 116 -2
77 118 2
78 83 2
78 84 -2
79 80 2
79 81 2
79 82 2
79 83 2
79 84 2
79 95 -2
79 96 -2
79 97 -2
79 98 -2
79 99 -2
80 81 2
80 82 2
80 83 2
80 84 2
80 95 2
80 106 -2
80 107 -2
80 108 -2
80 109 -2
81 82 2
81 83 2
81 84 2
81 96 2
81 106 2
81 113 -2
81 114 -2
81 115 -2
82 83 2
82 84 2
82 97 2
82 107 2
82 113 2
82 117 -2
82 118 -2
83 84 2
83 98 2
83 108 2
83 114 2
83 117 2
83 119 -2
85 87 -2
85 89 -2
85 92 -2
85 96 -2
86 87 2
86 90 -2
86 93 -2
86 97 -2
86 100 -2
86 102 2
86 104 2
86 107 2
87 89 2
87 90 -2
87 92 2
87 93 -2
87 96 2
87 97 -2
88 89 2
88 90 2
88 94 -2
88 98 -2
88 101 -2
88 102 -2
88 105 2
88 108 2
89 90 2
89 92 2
89 94 -2
89 96 2
89 98 -2
89 101 2
89 110 -2
89 112 2
89 114 2
90 93 2
90 94 -2
90 97 2
90 98 -2
91 92 2
91 93 2
91 94 2
91 99 -2
91 103 -2
91 104 -2
91 105 -2
91 109 2
92 93 2
92 94 2
92 96 2
92 99 -2
92 103 2
92 111 -2
92 112 -2
92 115 2
93 94 2
93 97 2
93 99 -2
93 104 2
93 111 2
93 116 -2
93 118 2
94 98 2
94 99 -2
95 96 2
95 97 2
95 98 2
95 99 2
95 106 -2
95 107 -2
95 108 -2
95 109 -2
96 97 2
96 98 2
96 99 2
96 106 2
96 113 -2
96 114 -2
96 115 -2
97 98 2
97 99 2
97 107 2
97 113 2
97 117 -2
97 118 -2
98 99 2
98 108 2
98 114 2
98 117 2
98 119 -2
100 102 -2
100 104 -2
100 107 -2
101 102 2
101 105 -2
101 108 -2
101 110 -2
101 112 2
101 114 2
102 104 2
102 105 -2
102 107 2
102 108 -2
103 104 2
103 105 2
103 109 -2
103 111 -2
103 112 -2
103 115 2
104 105 2
104 107 2
104 109 -2
104 111 2
104 116 -2
104 118 2
105 108 2
105 109 -2
106 107 2
106 108 2
106 109 2
106 113 -2
106 114 -2
106 115 -2
107 108 2
107 109 2
107 113 2
107 117 -2
107 118 -2
108 109 2
108 114 2
108 117 2
108 119 -2
110 112 -2
110 114 -2
111 112 2
111 115 -2
111 116 -2
111 118 2
112 114 2
112 115 -2
113 114 2
113 115 2
113 117 -2
113 118 -2
114 115 2
114 117 2
114 119 -2
116 118 -2
117 118 2
117 119 -2
