35 150 1 125.63238444110995 110.56926300931018
0 1.1551407804909448 0.15514078049094485
1 2.1709440801762274 0.17094408017622725
2 2.0911701760939878 0.091170176093987865
3 2.4011528437249066 0.40115284372490689
4 3.2139481833199501 0.21394818331995033
5 2.3476657978949191 0.34766579789491925
6 2.4376200148328762 0.43762001483287594
7 3.2333973412442005 0.23339734124420053
8 3.3792706795218255 0.3792706795218258
9 2.2261036743303193 0.22610367433031925
10 0.47758386714474038 0.47758386714474038
11 1.254711395810528 0.25471139581052821
12 1.4139060181921081 0.41390601819210832
13 1.2467516646914492 0.24675166469144919
14 0.56514090945460926 0.56514090945460937
15 1.0908992003002826 0.090899200300282673
16 2.2136772075262448 0.21367720752624511
17 2.3472254622301483 0.34722546223014827
18 2.2331263654504956 0.23312636545049531
19 3.3788303438570546 0.37883034385705483
20 2.2258411665301674 0.22584116653016731
21 2.2544404200168229 0.25444042001682299
22 3.4134656825273373 0.41346568252733734
23 3.2464891568912972 0.24648915689129725
24 2.5645396819123261 0.56453968191232595
25 1.2132104548027671 0.21321045480276707
26 2.2448153364296735 0.24481533642967365
27 2.1459476044099977 0.14594760440999774
28 2.2794506750999561 0.27945067509995614
29 3.1665955947711275 0.16659559477112768
30 2.3815576525403248 0.38155765254032464
31 1.1377825662392684 0.13778256623926849
32 2.1584305566003983 0.15843055660039843
33 2.3628570812460739 0.3628570812460738
34 1.0904433777134697 0.090443377713469664
0 2 -2
0 4 -2
0 7 -2
0 11 -2
1 2 2
1 5 -2
1 8 -2
1 12 -2
1 15 -2
1 17 2
1 19 2
1 22 2
2 4 2
2 5 -2
2 7 2
2 8 -2
2 11 2
2 12 -2
3 4 2
3 5 2
3 9 -2
3 13 -2
3 16 -2
3 17 -2
3 20 2
3 23 2
4 5 2
4 7 2
4 9 -2
4 11 2
4 13 -2
4 16 2
4 25 -2
4 27 2
4 29 2
5 8 2
5 9 -2
5 12 2
5 13 -2
6 7 2
6 8 2
6 9 2
6 14 -2
6 18 -2
6 19 -2
6 20 -2
6 24 2
7 8 2
7 9 2
7 11 2
7 14 -2
7 18 2
7 26 -2
7 27 -2
7 30 2
8 9 2
8 12 2
8 14 -2
8 19 2
8 26 2
8 31 -2
8 33 2
9 13 2
9 14 -2
10 11 2
10 12 2
10 13 2
10 14 2
10 21 -2
10 22 -2
10 23 -2
10 24 -2
11 12 2
11 13 2
11 14 2
11 21 2
11 28 -2
11 29 -2
11 30 -2
12 13 2
12 14 2
12 22 2
12 28 2
12 32 -2
12 33 -2
13 14 2
13 23 2
13 29 2
13 32 2
13 34 -2
15 17 -2
15 19 -2
15 22 -2
16 17 2
16 20 -2
16 23 -2
16 25 -2
16 27 2
16 29 2
17 19 2
17 20 -2
17 22 2
17 23 -2
18 19 2
18 20 2
18 24 -2
18 26 -2
18 27 -2
18 30 2
19 20 2
19 22 2
19 24 -2
19 26 2
19 31 -2
19 33 2
20 23 2
20 24 -2
21 22 2
21 23 2
21 24 2
21 28 -2
21 29 -2
21 30 -2
22 23 2
22 24 2
22 28 2
22 32 -2
22 33 -2
23 24 2
23 29 2
23 32 2
23 34 -2
25 27 -2
25 29 -2
26 27 2
26 30 -2
26 31 -2
26 33 2
27 29 2
27 30 -2
28 29 2
28 30 2
28 32 -2
28 33 -2
29 30 2
29 32 2
29 34 -2
31 33 -2
32 33 2
32 34 -2
