20 60 1 64.803715090303555 58.730357316910343
0 1.1808886083995109 0.18088860839951079
1 2.1894170143098131 0.18941701430981295
2 2.6223701898750997 0.62237018987509973
3 2.2139836118442657 0.21398361184426598
4 3.7030890103454457 0.70308901034544535
5 3.0546335155181681 1.0546335155181681
6 0.21603699696060774 0.2160369969606078
7 1.7098358471562829 0.70983584715628278
8 2.0647537707344243 1.0647537707344241
9 0.18517456882337807 0.18517456882337813
10 1.4095397832401733 0.40953978324017321
11 2.4902586037105188 0.49025860371051894
12 2.7353879055657786 0.73538790556577849
13 2.497005440521356 0.4970054405213562
14 3.7455081607820349 0.74550816078203441
15 2.129653593179484 0.12965359317948424
16 1.1631110884062934 0.16311108840629349
17 2.1732313436225494 0.17323134362254949
18 2.030127190195226 0.030127190195226
19 1.0228171279863956 0.022817127986395576
0 2 -2
0 4 -2
0 7 -2
1 2 2
1 5 -2
1 8 -2
1 10 -2
1 12 2
1 14 2
2 4 2
2 5 -2
2 7 2
2 8 -2
3 4 2
3 5 2
3 9 -2
3 11 -2
3 12 -2
3 15 2
4 5 2
4 7 2
4 9 -2
4 11 2
4 16 -2
4 18 2
5 8 2
5 9 -2
6 7 2
6 8 2
6 9 2
6 13 -2
6 14 -2
6 15 -2
7 8 2
7 9 2
7 13 2
7 17 -2
7 18 -2
8 9 2
8 14 2
8 17 2
8 19 -2
10 12 -2
10 14 -2
11 12 2
11 15 -2
11 16 -2
11 18 2
12 14 2
12 15 -2
13 14 2
13 15 2
13 17 -2
13 18 -2
14 15 2
14 17 2
14 19 -2
16 18 -2
17 18 2
17 19 -2
