20 60 1 134.11127112908284 121.91933739007527
0 1.1547991232220272 0.15479912322202707
1 2.2684539221350288 0.26845392213502861
2 2.2437279029910124 0.2437279029910128
3 2.3743479454649661 0.37434794546496636
4 3.3398685294352983 0.33986852943529838
5 2.2413559122076756 0.24135591220767563
6 0.56669360718272199 0.56669360718272199
7 1.5144981433632607 0.51449814336326083
8 1.3653682467362287 0.3653682467362287
9 0.27589030876000942 0.27589030876000942
10 1.1734411368990594 0.17344113689905949
11 2.269581763343345 0.2695817633433451
12 2.1914421217945494 0.19144212179454942
13 2.4442113772713077 0.44421137727130755
14 3.3154544563231023 0.31545445632310248
15 2.2382003037541791 0.23820030375417942
16 1.1415512143408424 0.14155121434084242
17 2.265563548869395 0.26556354886939543
18 2.2005275777177071 0.20052757771770674
19 1.1451956361416404 0.14519563614164027
0 2 -2
0 4 -2
0 7 -2
1 2 2
1 5 -2
1 8 -2
1 10 -2
1 12 2
1 14 2
2 4 2
2 5 -2
2 7 2
2 8 -2
3 4 2
3 5 2
3 9 -2
3 11 -2
3 12 -2
3 15 2
4 5 2
4 7 2
4 9 -2
4 11 2
4 16 -2
4 18 2
5 8 2
5 9 -2
6 7 2
6 8 2
6 9 2
6 13 -2
6 14 -2
6 15 -2
7 8 2
7 9 2
7 13 2
7 17 -2
7 18 -2
8 9 2
8 14 2
8 17 2
8 19 -2
10 12 -2
10 14 -2
11 12 2
11 15 -2
11 16 -2
11 18 2
12 14 2
12 15 -2
13 14 2
13 15 2
13 17 -2
13 18 -2
14 15 2
14 17 2
14 19 -2
16 18 -2
17 18 2
17 19 -2
