35 150 1 110.50055168093158 98.254472216328864
0 1.09850957190049 0.098509571900489937
1 2.3080476721250012 0.30804767212500128
2 2.3960612927321443 0.39606129273214452
3 2.3083333291001948 0.30833332910019479
4 3.3964285659859645 0.39642856598596471
5 2.2275793619549056 0.22757936195490566
6 2.3742775630249002 0.37427756302489995
7 3.481214009603443 0.48121400960344274
8 3.2762524869945691 0.276252486994569
9 2.2762524869945691 0.276252486994569
10 0.38008860011191864 0.38008860011191853
11 1.4886853430010383 0.48868534300103816
12 1.2805415857968923 0.28054158579689226
13 1.2805415857968923 0.28054158579689226
14 0.34388968581554541 0.34388968581554535
15 1.3070998255068522 0.30709982550685233
16 2.3074670987606725 0.30746709876067252
17 2.1765088900292748 0.17650889002927497
18 2.3922525423781509 0.39225254237815066
19 3.2251820150689388 0.22518201506893834
20 2.2251820150689383 0.22518201506893834
21 2.399723875775746 0.39972387577574603
22 3.2294711138712615 0.22947111387126159
23 3.2294711138712615 0.22947111387126159
24 2.2812871718421919 0.28128717184219165
25 1.1548699160283535 0.15486991602835359
26 2.2035430410680168 0.20354304106801693
27 2.2035430410680168 0.20354304106801693
28 2.2078321398703404 0.20783213987034022
29 3.20783213987034 0.20783213987034022
30 2.2547619779055785 0.25476197790557831
31 1.0488839670927823 0.048883967092782345
32 2.0531730658951055 0.05317306589510562
33 2.0651798872262583 0.065179887226258504
34 1.064921435677274 0.064921435677273931
0 2 -2
0 4 -2
0 7 -2
0 11 -2
1 2 2
1 5 -2
1 8 -2
1 12 -2
1 15 -2
1 17 2
1 19 2
1 22 2
2 4 2
2 5 -2
2 7 2
2 8 -2
2 11 2
2 12 -2
3 4 2
3 5 2
3 9 -2
3 13 -2
3 16 -2
3 17 -2
3 20 2
3 23 2
4 5 2
4 7 2
4 9 -2
4 11 2
4 13 -2
4 16 2
4 25 -2
4 27 2
4 29 2
5 8 2
5 9 -2
5 12 2
5 13 -2
6 7 2
6 8 2
6 9 2
6 14 -2
6 18 -2
6 19 -2
6 20 -2
6 24 2
7 8 2
7 9 2
7 11 2
7 14 -2
7 18 2
7 26 -2
7 27 -2
7 30 2
8 9 2
8 12 2
8 14 -2
8 19 2
8 26 2
8 31 -2
8 33 2
9 13 2
9 14 -2
10 11 2
10 12 2
10 13 2
10 14 2
10 21 -2
10 22 -2
10 23 -2
10 24 -2
11 12 2
11 13 2
11 14 2
11 21 2
11 28 -2
11 29 -2
11 30 -2
12 13 2
12 14 2
12 22 2
12 28 2
12 32 -2
12 33 -2
13 14 2
13 23 2
13 29 2
13 32 2
13 34 -2
15 17 -2
15 19 -2
15 22 -2
16 17 2
16 20 -2
16 23 -2
16 25 -2
16 27 2
16 29 2
17 19 2
17 20 -2
17 22 2
17 23 -2
18 19 2
18 20 2
18 24 -2
18 26 -2
18 27 -2
18 30 2
19 20 2
19 22 2
19 24 -2
19 26 2
19 31 -2
19 33 2
20 23 2
20 24 -2
21 22 2
21 23 2
21 24 2
21 28 -2
21 29 -2
21 30 -2
22 23 2
22 24 2
22 28 2
22 32 -2
22 33 -2
23 24 2
23 29 2
23 32 2
23 34 -2
25 27 -2
25 29 -2
26 27 2
26 30 -2
26 31 -2
26 33 2
27 29 2
27 30 -2
28 29 2
28 30 2
28 32 -2
28 33 -2
29 30 2
29 32 2
29 34 -2
31 33 -2
32 33 2
32 34 -2
