84 588 1 177.41842757429225 147.14086390828797
0 1.0564965566254709 0.056496556625470901
1 2.0622562560499125 0.062256256049912882
2 2.067915915690814 0.067915915690814052
3 2.1148033113266265 0.11480331132662656
4 3.1252399759926832 0.12523997599268352
5 2.1252399759926837 0.12523997599268352
6 2.1437020737337158 0.1437020737337156
7 3.1567658986185982 0.15676589861859883
8 3.1567658986185982 0.15676589861859883
9 2.3004679723523145 0.30046797235231448
10 2.1600077275557066 0.16000772755570664
11 3.1745538846062251 0.1745538846062254
12 3.1745538846062251 0.1745538846062254
13 3.3345616121619317 0.33456161216193203
14 2.3588052072461299 0.35880520724613002
15 2.1744164153178067 0.17441641531780691
16 3.1902724530739714 0.19027245307397117
17 3.1902724530739714 0.19027245307397117
18 3.3646888683917782 0.36468886839177811
19 3.3911155979853853 0.39111559798538525
20 2.2378405663424639 0.23784056634246398
21 0.18600097211537719 0.18600097211537719
22 1.2029101513985934 0.20291015139859328
23 1.2029101513985934 0.20291015139859328
24 1.3889111235139704 0.3889111235139705
25 1.4170930889859974 0.41709308898599734
26 1.2536376892482417 0.25363768924824159
27 0.41145669589159195 0.41145669589159195
28 1.0494829842793512 0.049482984279351085
29 2.1068070445812208 0.10680704458122058
30 2.1068070445812208 0.10680704458122058
31 2.1383329672071363 0.13833296720713589
32 3.1383329672071363 0.13833296720713589
33 2.2651381871470107 0.26513818714701048
34 2.1561209531947623 0.15612095319476244
35 3.1561209531947618 0.15612095319476244
36 3.2992318269566274 0.29923182695662803
37 2.3209152926781229 0.3209152926781228
38 2.1718395216625086 0.17183952166250824
39 3.1718395216625082 0.17183952166250824
40 3.3293590831864743 0.32935908318647411
41 3.3532256834173784 0.35322568341737803
42 2.2147994020781354 0.2147994020781353
43 2.1844772199871305 0.18447721998713035
44 3.1844772199871305 0.18447721998713035
45 3.3535813383086661 0.3535813383086665
46 3.3792031744179898 0.37920317441799012
47 3.230596524983913 0.23059652498391292
48 2.3740788071961254 0.37407880719612541
49 1.063607368764897 0.063607368764897101
50 2.0951332913908125 0.095133291390812405
51 2.1823388084990571 0.18233880849905715
52 2.1129212773784389 0.11292127737843896
53 3.2164324483086748 0.2164324483086747
54 2.2321159590556801 0.23211595905568011
55 2.1286398458461848 0.12863984584618474
56 3.2465597045385208 0.2465597045385208
57 3.2644263497949355 0.26442634979493534
58 2.1607998073077308 0.16079980730773094
59 2.1412775441708067 0.14127754417080687
60 3.2707819596607126 0.27078195966071317
61 3.2904038407955474 0.29040384079554743
62 3.1765969302135089 0.17659693021350858
63 2.2864794645685804 0.28647946456858059
64 1.1702958006115876 0.17029580061158753
65 2.2043894404212052 0.2043894404212051
66 2.2192002694372346 0.21920026943723442
67 2.2345166966510512 0.23451669665105118
68 3.2515106601764896 0.25151066017648965
69 2.1529456717289461 0.15294567172894644
70 2.2587389517732435 0.25873895177324358
71 3.2774881511771019 0.27748815117710179
72 3.1687427946347237 0.16874279463472405
73 2.2737383112963299 0.27373831129633014
74 1.1013674788167249 0.10136747881672498
75 2.1336778695559802 0.13367786955598021
76 2.0812905963516095 0.081290596351609595
77 2.1596553605565925 0.1596553605565923
78 3.0970877192573871 0.097087719257387198
79 2.1574978556842059 0.15749785568420591
80 1.0418831930692154 0.041883193069215445
81 2.0576803159749928 0.057680315974993061
82 2.0935702903594331 0.093570290359433178
83 1.0575002076623015 0.057500207662301531
0 2 -2
0 4 -2
0 7 -2
0 11 -2
0 16 -2
0 22 -2
1 2 2
1 5 -2
1 8 -2
1 12 -2
1 17 -2
1 23 -2
1 28 -2
1 30 2
1 32 2
1 35 2
1 39 2
1 44 2
2 4 2
2 5 -2
2 7 2
2 8 -2
2 11 2
2 12 -2
2 16 2
2 17 -2
2 22 2
2 23 -2
3 4 2
3 5 2
3 9 -2
3 13 -2
3 18 -2
3 24 -2
3 29 -2
3 30 -2
3 33 2
3 36 2
3 40 2
3 45 2
4 5 2
4 7 2
4 9 -2
4 11 2
4 13 -2
4 16 2
4 18 -2
4 22 2
4 24 -2
4 29 2
4 49 -2
4 51 2
4 53 2
4 56 2
4 60 2
5 8 2
5 9 -2
5 12 2
5 13 -2
5 17 2
5 18 -2
5 23 2
5 24 -2
6 7 2
6 8 2
6 9 2
6 14 -2
6 19 -2
6 25 -2
6 31 -2
6 32 -2
6 33 -2
6 37 2
6 41 2
6 46 2
7 8 2
7 9 2
7 11 2
7 14 -2
7 16 2
7 19 -2
7 22 2
7 25 -2
7 31 2
7 50 -2
7 51 -2
7 54 2
7 57 2
7 61 2
8 9 2
8 12 2
8 14 -2
8 17 2
8 19 -2
8 23 2
8 25 -2
8 32 2
8 50 2
8 64 -2
8 66 2
8 68 2
8 71 2
9 13 2
9 14 -2
9 18 2
9 19 -2
9 24 2
9 25 -2
10 11 2
10 12 2
10 13 2
10 14 2
10 20 -2
10 26 -2
10 34 -2
10 35 -2
10 36 -2
10 37 -2
10 42 2
10 47 2
11 12 2
11 13 2
11 14 2
11 16 2
11 20 -2
11 22 2
11 26 -2
11 34 2
11 52 -2
11 53 -2
11 54 -2
11 58 2
11 62 2
12 13 2
12 14 2
12 17 2
12 20 -2
12 23 2
12 26 -2
12 35 2
12 52 2
12 65 -2
12 66 -2
12 69 2
12 72 2
13 14 2
13 18 2
13 20 -2
13 24 2
13 26 -2
13 36 2
13 53 2
13 65 2
13 74 -2
13 76 2
13 78 2
14 19 2
14 20 -2
14 25 2
14 26 -2
15 16 2
15 17 2
15 18 2
15 19 2
15 20 2
15 27 -2
15 38 -2
15 39 -2
15 40 -2
15 41 -2
15 42 -2
15 48 2
16 17 2
16 18 2
16 19 2
16 20 2
16 22 2
16 27 -2
16 38 2
16 55 -2
16 56 -2
16 57 -2
16 58 -2
16 63 2
17 18 2
17 19 2
17 20 2
17 23 2
17 27 -2
17 39 2
17 55 2
17 67 -2
17 68 -2
17 69 -2
17 73 2
18 19 2
18 20 2
18 24 2
18 27 -2
18 40 2
18 56 2
18 67 2
18 75 -2
18 76 -2
18 79 2
19 20 2
19 25 2
19 27 -2
19 41 2
19 57 2
19 68 2
19 75 2
19 80 -2
19 82 2
20 26 2
20 27 -2
21 22 2
21 23 2
21 24 2
21 25 2
21 26 2
21 27 2
21 43 -2
21 44 -2
21 45 -2
21 46 -2
21 47 -2
21 48 -2
22 23 2
22 24 2
22 25 2
22 26 2
22 27 2
22 43 2
22 59 -2
22 60 -2
22 61 -2
22 62 -2
22 63 -2
23 24 2
23 25 2
23 26 2
23 27 2
23 44 2
23 59 2
23 70 -2
23 71 -2
23 72 -2
23 73 -2
24 25 2
24 26 2
24 27 2
24 45 2
24 60 2
24 70 2
24 77 -2
24 78 -2
24 79 -2
25 26 2
25 27 2
25 46 2
25 61 2
25 71 2
25 77 2
25 81 -2
25 82 -2
26 27 2
26 47 2
26 62 2
26 72 2
26 78 2
26 81 2
26 83 -2
28 30 -2
28 32 -2
28 35 -2
28 39 -2
28 44 -2
29 30 2
29 33 -2
29 36 -2
29 40 -2
29 45 -2
29 49 -2
29 51 2
29 53 2
29 56 2
29 60 2
30 32 2
30 33 -2
30 35 2
30 36 -2
30 39 2
30 40 -2
30 44 2
30 45 -2
31 32 2
31 33 2
31 37 -2
31 41 -2
31 46 -2
31 50 -2
31 51 -2
31 54 2
31 57 2
31 61 2
32 33 2
32 35 2
32 37 -2
32 39 2
32 41 -2
32 44 2
32 46 -2
32 50 2
32 64 -2
32 66 2
32 68 2
32 71 2
33 36 2
33 37 -2
33 40 2
33 41 -2
33 45 2
33 46 -2
34 35 2
34 36 2
34 37 2
34 42 -2
34 47 -2
34 52 -2
34 53 -2
34 54 -2
34 58 2
34 62 2
35 36 2
35 37 2
35 39 2
35 42 -2
35 44 2
35 47 -2
35 52 2
35 65 -2
35 66 -2
35 69 2
35 72 2
36 37 2
36 40 2
36 42 -2
36 45 2
36 47 -2
36 53 2
36 65 2
36 74 -2
36 76 2
36 78 2
37 41 2
37 42 -2
37 46 2
37 47 -2
38 39 2
38 40 2
38 41 2
38 42 2
38 48 -2
38 55 -2
38 56 -2
38 57 -2
38 58 -2
38 63 2
39 40 2
39 41 2
39 42 2
39 44 2
39 48 -2
39 55 2
39 67 -2
39 68 -2
39 69 -2
39 73 2
40 41 2
40 42 2
40 45 2
40 48 -2
40 56 2
40 67 2
40 75 -2
40 76 -2
40 79 2
41 42 2
41 46 2
41 48 -2
41 57 2
41 68 2
41 75 2
41 80 -2
41 82 2
42 47 2
42 48 -2
43 44 2
43 45 2
43 46 2
43 47 2
43 48 2
43 59 -2
43 60 -2
43 61 -2
43 62 -2
43 63 -2
44 45 2
44 46 2
44 47 2
44 48 2
44 59 2
44 70 -2
44 71 -2
44 72 -2
44 73 -2
45 46 2
45 47 2
45 48 2
45 60 2
45 70 2
45 77 -2
45 78 -2
45 79 -2
46 47 2
46 48 2
46 61 2
46 71 2
46 77 2
46 81 -2
46 82 -2
47 48 2
47 62 2
47 72 2
47 78 2
47 81 2
47 83 -2
49 51 -2
49 53 -2
49 56 -2
49 60 -2
50 51 2
50 54 -2
50 57 -2
50 61 -2
50 64 -2
50 66 2
50 68 2
50 71 2
51 53 2
51 54 -2
51 56 2
51 57 -2
51 60 2
51 61 -2
52 53 2
52 54 2
52 58 -2
52 62 -2
52 65 -2
52 66 -2
52 69 2
52 72 2
53 54 2
53 56 2
53 58 -2
53 60 2
53 62 -2
53 65 2
53 74 -2
53 76 2
53 78 2
54 57 2
54 58 -2
54 61 2
54 62 -2
55 56 2
55 57 2
55 58 2
55 63 -2
55 67 -2
55 68 -2
55 69 -2
55 73 2
56 57 2
56 58 2
56 60 2
56 63 -2
56 67 2
56 75 -2
56 76 -2
56 79 2
57 58 2
57 61 2
57 63 -2
57 68 2
57 75 2
57 80 -2
57 82 2
58 62 2
58 63 -2
59 60 2
59 61 2
59 62 2
59 63 2
59 70 -2
59 71 -2
59 72 -2
59 73 -2
60 61 2
60 62 2
60 63 2
60 70 2
60 77 -2
60 78 -2
60 79 -2
61 62 2
61 63 2
61 71 2
61 77 2
61 81 -2
61 82 -2
62 63 2
62 72 2
62 78 2
62 81 2
62 83 -2
64 66 -2
64 68 -2
64 71 -2
65 66 2
65 69 -2
65 72 -2
65 74 -2
65 76 2
65 78 2
66 68 2
66 69 -2
66 71 2
66 72 -2
67 68 2
67 69 2
67 73 -2
67 75 -2
67 76 -2
67 79 2
68 69 2
68 71 2
68 73 -2
68 75 2
68 80 -2
68 82 2
69 72 2
69 73 -2
70 71 2
70 72 2
70 73 2
70 77 -2
70 78 -2
70 79 -2
71 72 2
71 73 2
71 77 2
71 81 -2
71 82 -2
72 73 2
72 78 2
72 81 2
72 83 -2
74 76 -2
74 78 -2
75 76 2
75 79 -2
75 80 -2
75 82 2
76 78 2
76 79 -2
77 78 2
77 79 2
77 81 -2
77 82 -2
78 79 2
78 81 2
78 83 -2
80 82 -2
81 82 2
81 83 -2
