84 588 1 127.60388170157511 114.87892300562632
0 1.2047618987220703 0.20476189872207021
1 2.4271888159497754 0.42718881594977565
2 2.2662995216310291 0.26629952163102899
3 2.5318900478322575 0.53189004783225768
4 3.3315678220253035 0.33156782202530355
5 2.2624911924366988 0.26249119243669861
6 2.5899148866124437 0.58991488661244396
7 3.3677391500960692 0.36773915009606895
8 3.2911268271593883 0.29112682715938792
9 2.3141105240403923 0.31411052404039219
10 2.5977249039061845 0.59772490390618427
11 3.3726077323051542 0.37260773230515382
12 3.2949811214082465 0.29498112140824678
13 3.3182691046773192 0.31826910467731889
14 2.2406424937804119 0.24064249378041183
15 2.5994736092687956 0.59947360926879523
16 3.3736978343493793 0.37369783434937887
17 3.2958441188599252 0.29584411885992495
18 3.3192002335067614 0.31920023350676108
19 3.2413465180173073 0.24134651801730717
20 2.2413465180173073 0.24134651801730717
21 0.60342991900574405 0.60342991900574405
22 1.3761641053542302 0.37616410535423012
23 1.2977965834054321 0.29779658340543214
24 1.3213068399900716 0.32130683999007154
25 1.2429393180412736 0.24293931804127361
26 1.2429393180412736 0.24293931804127361
27 0.35265384876959072 0.35265384876959066
28 1.1395817165057858 0.13958171650578571
29 2.2048500169000604 0.20485001690006024
30 2.1621729300458812 0.16217293004588101
31 2.2410213449708256 0.24102134497082567
32 3.1908085647685707 0.19080856476857033
33 2.2058723988292472 0.20587239882924693
34 2.2458899271799102 0.24588992717991051
35 3.1946628590174293 0.19466285901742916
36 3.2100309794661737 0.21003097946617358
37 2.1588039113036923 0.1588039113036922
38 2.2469800292241358 0.24698002922413553
39 3.1955258564691076 0.19552585646910731
40 3.2109621082956159 0.21096210829561576
41 3.1595079355405877 0.15950793554058754
42 2.1595079355405873 0.15950793554058754
43 2.2494463002289868 0.24944630022898681
44 3.1974783210146147 0.19747832101461454
45 3.2130687147789261 0.21306871477892622
46 3.161100735564554 0.16110073556455398
47 3.161100735564554 0.16110073556455398
48 2.233855906464675 0.23385590646467513
49 1.1614398657946381 0.16143986579463804
50 2.1900755005173274 0.19007550051732733
51 2.2050814610844847 0.20508146108448475
52 2.193929794766186 0.19392979476618619
53 3.2092400417214115 0.20924004172141139
54 2.1582058852039943 0.15820588520399398
55 2.1947927922178643 0.1947927922178643
56 3.2101711705508538 0.2101711705508536
57 3.1589099094408892 0.15890990944088931
58 2.1589099094408892 0.15890990944088931
59 2.1967452567633714 0.19674525676337154
60 3.212277777034164 0.21227777703416406
61 3.1605027094648559 0.16050270946485573
62 3.1605027094648559 0.16050270946485573
63 2.2329878040618873 0.23298780406188735
64 1.0866463493138883 0.086646349313888316
65 2.0908049299508149 0.090804929950814933
66 2.0686573860603721 0.068657386060372264
67 2.0917360587802571 0.091736058780257118
68 3.0693614102972679 0.069361410297267584
69 2.0693614102972679 0.069361410297267584
70 2.0938426652635678 0.093842665263567562
71 3.0709542103212342 0.070954210321234001
72 3.0709542103212342 0.070954210321234001
73 2.1029980472405012 0.10299804724050098
74 1.0265049420557366 0.026504942055736617
75 2.0272089662926316 0.027208966292631934
76 2.0272089662926316 0.027208966292631934
77 2.0288017663165983 0.028801766316598362
78 3.0288017663165983 0.028801766316598362
79 2.0418090156208684 0.041809015620868584
80 1.0038483169135961 0.0038483169135959338
81 2.0054411169375626 0.0054411169375623621
82 2.007898395554526 0.0078983955545260092
83 1.003334099733509 0.0033340997335089867
0 2 -2
0 4 -2
0 7 -2
0 11 -2
0 16 -2
0 22 -2
1 2 2
1 5 -2
1 8 -2
1 12 -2
1 17 -2
1 23 -2
1 28 -2
1 30 2
1 32 2
1 35 2
1 39 2
1 44 2
2 4 2
2 5 -2
2 7 2
2 8 -2
2 11 2
2 12 -2
2 16 2
2 17 -2
2 22 2
2 23 -2
3 4 2
3 5 2
3 9 -2
3 13 -2
3 18 -2
3 24 -2
3 29 -2
3 30 -2
3 33 2
3 36 2
3 40 2
3 45 2
4 5 2
4 7 2
4 9 -2
4 11 2
4 13 -2
4 16 2
4 18 -2
4 22 2
4 24 -2
4 29 2
4 49 -2
4 51 2
4 53 2
4 56 2
4 60 2
5 8 2
5 9 -2
5 12 2
5 13 -2
5 17 2
5 18 -2
5 23 2
5 24 -2
6 7 2
6 8 2
6 9 2
6 14 -2
6 19 -2
6 25 -2
6 31 -2
6 32 -2
6 33 -2
6 37 2
6 41 2
6 46 2
7 8 2
7 9 2
7 11 2
7 14 -2
7 16 2
7 19 -2
7 22 2
7 25 -2
7 31 2
7 50 -2
7 51 -2
7 54 2
7 57 2
7 61 2
8 9 2
8 12 2
8 14 -2
8 17 2
8 19 -2
8 23 2
8 25 -2
8 32 2
8 50 2
8 64 -2
8 66 2
8 68 2
8 71 2
9 13 2
9 14 -2
9 18 2
9 19 -2
9 24 2
9 25 -2
10 11 2
10 12 2
10 13 2
10 14 2
10 20 -2
10 26 -2
10 34 -2
10 35 -2
10 36 -2
10 37 -2
10 42 2
10 47 2
11 12 2
11 13 2
11 14 2
11 16 2
11 20 -2
11 22 2
11 26 -2
11 34 2
11 52 -2
11 53 -2
11 54 -2
11 58 2
11 62 2
12 13 2
12 14 2
12 17 2
12 20 -2
12 23 2
12 26 -2
12 35 2
12 52 2
12 65 -2
12 66 -2
12 69 2
12 72 2
13 14 2
13 18 2
13 20 -2
13 24 2
13 26 -2
13 36 2
13 53 2
13 65 2
13 74 -2
13 76 2
13 78 2
14 19 2
14 20 -2
14 25 2
14 26 -2
15 16 2
15 17 2
15 18 2
15 19 2
15 20 2
15 27 -2
15 38 -2
15 39 -2
15 40 -2
15 41 -2
15 42 -2
15 48 2
16 17 2
16 18 2
16 19 2
16 20 2
16 22 2
16 27 -2
16 38 2
16 55 -2
16 56 -2
16 57 -2
16 58 -2
16 63 2
17 18 2
17 19 2
17 20 2
17 23 2
17 27 -2
17 39 2
17 55 2
17 67 -2
17 68 -2
17 69 -2
17 73 2
18 19 2
18 20 2
18 24 2
18 27 -2
18 40 2
18 56 2
18 67 2
18 75 -2
18 76 -2
18 79 2
19 20 2
19 25 2
19 27 -2
19 41 2
19 57 2
19 68 2
19 75 2
19 80 -2
19 82 2
20 26 2
20 27 -2
21 22 2
21 23 2
21 24 2
21 25 2
21 26 2
21 27 2
21 43 -2
21 44 -2
21 45 -2
21 46 -2
21 47 -2
21 48 -2
22 23 2
22 24 2
22 25 2
22 26 2
22 27 2
22 43 2
22 59 -2
22 60 -2
22 61 -2
22 62 -2
22 63 -2
23 24 2
23 25 2
23 26 2
23 27 2
23 44 2
23 59 2
23 70 -2
23 71 -2
23 72 -2
23 73 -2
24 25 2
24 26 2
24 27 2
24 45 2
24 60 2
24 70 2
24 77 -2
24 78 -2
24 79 -2
25 26 2
25 27 2
25 46 2
25 61 2
25 71 2
25 77 2
25 81 -2
25 82 -2
26 27 2
26 47 2
26 62 2
26 72 2
26 78 2
26 81 2
26 83 -2
28 30 -2
28 32 -2
28 35 -2
28 39 -2
28 44 -2
29 30 2
29 33 -2
29 36 -2
29 40 -2
29 45 -2
29 49 -2
29 51 2
29 53 2
29 56 2
29 60 2
30 32 2
30 33 -2
30 35 2
30 36 -2
30 39 2
30 40 -2
30 44 2
30 45 -2
31 32 2
31 33 2
31 37 -2
31 41 -2
31 46 -2
31 50 -2
31 51 -2
31 54 2
31 57 2
31 61 2
32 33 2
32 35 2
32 37 -2
32 39 2
32 41 -2
32 44 2
32 46 -2
32 50 2
32 64 -2
32 66 2
32 68 2
32 71 2
33 36 2
33 37 -2
33 40 2
33 41 -2
33 45 2
33 46 -2
34 35 2
34 36 2
34 37 2
34 42 -2
34 47 -2
34 52 -2
34 53 -2
34 54 -2
34 58 2
34 62 2
35 36 2
35 37 2
35 39 2
35 42 -2
35 44 2
35 47 -2
35 52 2
35 65 -2
35 66 -2
35 69 2
35 72 2
36 37 2
36 40 2
36 42 -2
36 45 2
36 47 -2
36 53 2
36 65 2
36 74 -2
36 76 2
36 78 2
37 41 2
37 42 -2
37 46 2
37 47 -2
38 39 2
38 40 2
38 41 2
38 42 2
38 48 -2
38 55 -2
38 56 -2
38 57 -2
38 58 -2
38 63 2
39 40 2
39 41 2
39 42 2
39 44 2
39 48 -2
39 55 2
39 67 -2
39 68 -2
39 69 -2
39 73 2
40 41 2
40 42 2
40 45 2
40 48 -2
40 56 2
40 67 2
40 75 -2
40 76 -2
40 79 2
41 42 2
41 46 2
41 48 -2
41 57 2
41 68 2
41 75 2
41 80 -2
41 82 2
42 47 2
42 48 -2
43 44 2
43 45 2
43 46 2
43 47 2
43 48 2
43 59 -2
43 60 -2
43 61 -2
43 62 -2
43 63 -2
44 45 2
44 46 2
44 47 2
44 48 2
44 59 2
44 70 -2
44 71 -2
44 72 -2
44 73 -2
45 46 2
45 47 2
45 48 2
45 60 2
45 70 2
45 77 -2
45 78 -2
45 79 -2
46 47 2
46 48 2
46 61 2
46 71 2
46 77 2
46 81 -2
46 82 -2
47 48 2
47 62 2
47 72 2
47 78 2
47 81 2
47 83 -2
49 51 -2
49 53 -2
49 56 -2
49 60 -2
50 51 2
50 54 -2
50 57 -2
50 61 -2
50 64 -2
50 66 2
50 68 2
50 71 2
51 53 2
51 54 -2
51 56 2
51 57 -2
51 60 2
51 61 -2
52 53 2
52 54 2
52 58 -2
52 62 -2
52 65 -2
52 66 -2
52 69 2
52 72 2
53 54 2
53 56 2
53 58 -2
53 60 2
53 62 -2
53 65 2
53 74 -2
53 76 2
53 78 2
54 57 2
54 58 -2
54 61 2
54 62 -2
55 56 2
55 57 2
55 58 2
55 63 -2
55 67 -2
55 68 -2
55 69 -2
55 73 2
56 57 2
56 58 2
56 60 2
56 63 -2
56 67 2
56 75 -2
56 76 -2
56 79 2
57 58 2
57 61 2
57 63 -2
57 68 2
57 75 2
57 80 -2
57 82 2
58 62 2
58 63 -2
59 60 2
59 61 2
59 62 2
59 63 2
59 70 -2
59 71 -2
59 72 -2
59 73 -2
60 61 2
60 62 2
60 63 2
60 70 2
60 77 -2
60 78 -2
60 79 -2
61 62 2
61 63 2
61 71 2
61 77 2
61 81 -2
61 82 -2
62 63 2
62 72 2
62 78 2
62 81 2
62 83 -2
64 66 -2
64 68 -2
64 71 -2
65 66 2
65 69 -2
65 72 -2
65 74 -2
65 76 2
65 78 2
66 68 2
66 69 -2
66 71 2
66 72 -2
67 68 2
67 69 2
67 73 -2
67 75 -2
67 76 -2
67 79 2
68 69 2
68 71 2
68 73 -2
68 75 2
68 80 -2
68 82 2
69 72 2
69 73 -2
70 71 2
70 72 2
70 73 2
70 77 -2
70 78 -2
70 79 -2
71 72 2
71 73 2
71 77 2
71 81 -2
71 82 -2
72 73 2
72 78 2
72 81 2
72 83 -2
74 76 -2
74 78 -2
75 76 2
75 79 -2
75 80 -2
75 82 2
76 78 2
76 79 -2
77 78 2
77 79 2
77 81 -2
77 82 -2
78 79 2
78 81 2
78 83 -2
80 82 -2
81 82 2
81 83 -2
