10 18 1 71.910556915030526 65.37323355911866
0 1.1413134423292737 0.14131344232927365
1 2.4408298258476231 0.44082982584762309
2 2.3812582277601066 0.38125822776010648
3 0.5145280691362073 0.5145280691362073
4 1.4449972489826659 0.44499724898266579
5 0.44499724898266579 0.44499724898266579
6 1.2929216246386357 0.29292162463863564
7 2.3566606458611949 0.356660645861195
8 2.3566606458611949 0.356660645861195
9 1.3227802177789696 0.3227802177789697
0 2 -2
0 4 -2
1 2 2
1 5 -2
1 6 -2
1 8 2
2 4 2
2 5 -2
3 4 2
3 5 2
3 7 -2
3 8 -2
4 5 2
4 7 2
4 9 -2
6 8 -2
7 8 2
7 9 -2
