84 588 1 127.47462515017442 115.88602286379492
0 1.1016221998281941 0.10162219982819401
1 2.1032497722372865 0.10324977223728649
2 2.0938634293066238 0.093863429306624072
3 2.1325045635196171 0.13250456351961704
4 3.1204586941087427 0.12045869410874277
5 2.1234701614614617 0.12347016146146135
6 2.1389245653100231 0.13892456531002328
7 3.1262950593727483 0.12629505937274843
8 3.129452435857067 0.12945243585706712
9 2.1578688242159356 0.15786882421593554
10 2.229901373159052 0.22990137315905215
11 3.2090012483264112 0.20900124832641104
12 3.2142262795345715 0.2142262795345713
13 3.2612515604080139 0.26125156040801378
14 2.1776510610774493 0.17765106107744938
15 2.3302206007355797 0.33022060073557974
16 3.300200546123254 0.30020054612325431
17 3.3077055597763354 0.30770555977633568
18 3.3752506826540678 0.37525068265406786
19 3.2551704642047659 0.25517046420476619
20 2.3902607099602307 0.3902607099602306
21 0.34516673375712831 0.34516673375712836
22 1.3137879397792076 0.3137879397792076
23 1.3216326382736878 0.32163263827368777
24 1.3922349247240096 0.39223492472400945
25 1.2667197488123263 0.26671974881232646
26 1.4079243217129698 0.40792432171296983
27 0.29809854279024717 0.29809854279024722
28 1.0683859384083028 0.068385938408302815
29 2.0949812032104216 0.094981203210421514
30 2.0973557332906818 0.097355733290682062
31 2.1008175684744268 0.10081756847442716
32 3.1033380076862875 0.10333800768628784
33 2.1260219605930342 0.12602196059303394
34 2.1835237574280897 0.1835237574280898
35 3.188111851363792 0.18811185136379202
36 3.229404696785112 0.22940469678511222
37 2.1559951938138764 0.15599519381387633
38 2.2747230552249329 0.27472305522493307
39 3.2815911316055559 0.28159113160555638
40 3.3434038190311663 0.34340381903116635
41 3.2335145969411934 0.23351459694119309
42 2.3571399717924133 0.35713997179241297
43 2.2883104488808863 0.28831044888088631
44 3.2955182101029084 0.29551821010290852
45 3.3603880611011077 0.36038806110110794
46 3.2450638815487531 0.24506388154875339
47 3.3748035835451522 0.3748035835451522
48 2.2738949264368422 0.27389492643684199
49 1.0287767479851897 0.028776747985189657
50 2.0347590223807952 0.034759022380795444
51 2.0423890516838972 0.042389051683896881
52 2.1195328660582997 0.11953286605829962
53 3.145771787875975 0.14577178787597514
54 2.0991248157556632 0.099124815755663093
55 2.213012146300064 0.21301214630006401
56 3.2597709101220294 0.2597709101220293
57 3.1766442188829798 0.1766442188829799
58 2.2701617465269104 0.27016174652691044
59 2.2269392247974165 0.2269392247974161
60 3.2767551521919707 0.27675515219197089
61 3.1881935034905404 0.1881935034905402
62 3.2878253582796497 0.28782535827964972
63 2.2103339156658981 0.21033391566589785
64 1.0405395375826556 0.040539537582655438
65 2.1439222737747339 0.14392227377473371
66 2.097867146166819 0.097867146166818922
67 2.2579213960207878 0.25792139602078784
68 3.1753865492941356 0.17538654929413575
69 2.2682382518616193 0.26823825186161937
70 2.2749056380907291 0.27490563809072943
71 3.1869358339016958 0.18693583390169602
72 3.2859018636143582 0.2859018636143586
73 2.2089282849489544 0.20892828494895438
74 1.075261171085018 0.075261171085018022
75 2.1527805742123349 0.15278057421233482
76 2.233664407618865 0.23366440761886503
77 2.1643298588198951 0.16432985881989509
78 3.2513280193716043 0.25132801937160432
79 2.1836627833869415 0.18366278338694159
80 1.2260771327756577 0.22607713277565769
81 2.243740744528397 0.24374074452839695
82 2.178118236386136 0.17811823638613625
83 1.0995473568801568 0.099547356880156757
0 2 -2
0 4 -2
0 7 -2
0 11 -2
0 16 -2
0 22 -2
1 2 2
1 5 -2
1 8 -2
1 12 -2
1 17 -2
1 23 -2
1 28 -2
1 30 2
1 32 2
1 35 2
1 39 2
1 44 2
2 4 2
2 5 -2
2 7 2
2 8 -2
2 11 2
2 12 -2
2 16 2
2 17 -2
2 22 2
2 23 -2
3 4 2
3 5 2
3 9 -2
3 13 -2
3 18 -2
3 24 -2
3 29 -2
3 30 -2
3 33 2
3 36 2
3 40 2
3 45 2
4 5 2
4 7 2
4 9 -2
4 11 2
4 13 -2
4 16 2
4 18 -2
4 22 2
4 24 -2
4 29 2
4 49 -2
4 51 2
4 53 2
4 56 2
4 60 2
5 8 2
5 9 -2
5 12 2
5 13 -2
5 17 2
5 18 -2
5 23 2
5 24 -2
6 7 2
6 8 2
6 9 2
6 14 -2
6 19 -2
6 25 -2
6 31 -2
6 32 -2
6 33 -2
6 37 2
6 41 2
6 46 2
7 8 2
7 9 2
7 11 2
7 14 -2
7 16 2
7 19 -2
7 22 2
7 25 -2
7 31 2
7 50 -2
7 51 -2
7 54 2
7 57 2
7 61 2
8 9 2
8 12 2
8 14 -2
8 17 2
8 19 -2
8 23 2
8 25 -2
8 32 2
8 50 2
8 64 -2
8 66 2
8 68 2
8 71 2
9 13 2
9 14 -2
9 18 2
9 19 -2
9 24 2
9 25 -2
10 11 2
10 12 2
10 13 2
10 14 2
10 20 -2
10 26 -2
10 34 -2
10 35 -2
10 36 -2
10 37 -2
10 42 2
10 47 2
11 12 2
11 13 2
11 14 2
11 16 2
11 20 -2
11 22 2
11 26 -2
11 34 2
11 52 -2
11 53 -2
11 54 -2
11 58 2
11 62 2
12 13 2
12 14 2
12 17 2
12 20 -2
12 23 2
12 26 -2
12 35 2
12 52 2
12 65 -2
12 66 -2
12 69 2
12 72 2
13 14 2
13 18 2
13 20 -2
13 24 2
13 26 -2
13 36 2
13 53 2
13 65 2
13 74 -2
13 76 2
13 78 2
14 19 2
14 20 -2
14 25 2
14 26 -2
15 16 2
15 17 2
15 18 2
15 19 2
15 20 2
15 27 -2
15 38 -2
15 39 -2
15 40 -2
15 41 -2
15 42 -2
15 48 2
16 17 2
16 18 2
16 19 2
16 20 2
16 22 2
16 27 -2
16 38 2
16 55 -2
16 56 -2
16 57 -2
16 58 -2
16 63 2
17 18 2
17 19 2
17 20 2
17 23 2
17 27 -2
17 39 2
17 55 2
17 67 -2
17 68 -2
17 69 -2
17 73 2
18 19 2
18 20 2
18 24 2
18 27 -2
18 40 2
18 56 2
18 67 2
18 75 -2
18 76 -2
18 79 2
19 20 2
19 25 2
19 27 -2
19 41 2
19 57 2
19 68 2
19 75 2
19 80 -2
19 82 2
20 26 2
20 27 -2
21 22 2
21 23 2
21 24 2
21 25 2
21 26 2
21 27 2
21 43 -2
21 44 -2
21 45 -2
21 46 -2
21 47 -2
21 48 -2
22 23 2
22 24 2
22 25 2
22 26 2
22 27 2
22 43 2
22 59 -2
22 60 -2
22 61 -2
22 62 -2
22 63 -2
23 24 2
23 25 2
23 26 2
23 27 2
23 44 2
23 59 2
23 70 -2
23 71 -2
23 72 -2
23 73 -2
24 25 2
24 26 2
24 27 2
24 45 2
24 60 2
24 70 2
24 77 -2
24 78 -2
24 79 -2
25 26 2
25 27 2
25 46 2
25 61 2
25 71 2
25 77 2
25 81 -2
25 82 -2
26 27 2
26 47 2
26 62 2
26 72 2
26 78 2
26 81 2
26 83 -2
28 30 -2
28 32 -2
28 35 -2
28 39 -2
28 44 -2
29 30 2
29 33 -2
29 36 -2
29 40 -2
29 45 -2
29 49 -2
29 51 2
29 53 2
29 56 2
29 60 2
30 32 2
30 33 -2
30 35 2
30 36 -2
30 39 2
30 40 -2
30 44 2
30 45 -2
31 32 2
31 33 2
31 37 -2
31 41 -2
31 46 -2
31 50 -2
31 51 -2
31 54 2
31 57 2
31 61 2
32 33 2
32 35 2
32 37 -2
32 39 2
32 41 -2
32 44 2
32 46 -2
32 50 2
32 64 -2
32 66 2
32 68 2
32 71 2
33 36 2
33 37 -2
33 40 2
33 41 -2
33 45 2
33 46 -2
34 35 2
34 36 2
34 37 2
34 42 -2
34 47 -2
34 52 -2
34 53 -2
34 54 -2
34 58 2
34 62 2
35 36 2
35 37 2
35 39 2
35 42 -2
35 44 2
35 47 -2
35 52 2
35 65 -2
35 66 -2
35 69 2
35 72 2
36 37 2
36 40 2
36 42 -2
36 45 2
36 47 -2
36 53 2
36 65 2
36 74 -2
36 76 2
36 78 2
37 41 2
37 42 -2
37 46 2
37 47 -2
38 39 2
38 40 2
38 41 2
38 42 2
38 48 -2
38 55 -2
38 56 -2
38 57 -2
38 58 -2
38 63 2
39 40 2
39 41 2
39 42 2
39 44 2
39 48 -2
39 55 2
39 67 -2
39 68 -2
39 69 -2
39 73 2
40 41 2
40 42 2
40 45 2
40 48 -2
40 56 2
40 67 2
40 75 -2
40 76 -2
40 79 2
41 42 2
41 46 2
41 48 -2
41 57 2
41 68 2
41 75 2
41 80 -2
41 82 2
42 47 2
42 48 -2
43 44 2
43 45 2
43 46 2
43 47 2
43 48 2
43 59 -2
43 60 -2
43 61 -2
43 62 -2
43 63 -2
44 45 2
44 46 2
44 47 2
44 48 2
44 59 2
44 70 -2
44 71 -2
44 72 -2
44 73 -2
45 46 2
45 47 2
45 48 2
45 60 2
45 70 2
45 77 -2
45 78 -2
45 79 -2
46 47 2
46 48 2
46 61 2
46 71 2
46 77 2
46 81 -2
46 82 -2
47 48 2
47 62 2
47 72 2
47 78 2
47 81 2
47 83 -2
49 51 -2
49 53 -2
49 56 -2
49 60 -2
50 51 2
50 54 -2
50 57 -2
50 61 -2
50 64 -2
50 66 2
50 68 2
50 71 2
51 53 2
51 54 -2
51 56 2
51 57 -2
51 60 2
51 61 -2
52 53 2
52 54 2
52 58 -2
52 62 -2
52 65 -2
52 66 -2
52 69 2
52 72 2
53 54 2
53 56 2
53 58 -2
53 60 2
53 62 -2
53 65 2
53 74 -2
53 76 2
53 78 2
54 57 2
54 58 -2
54 61 2
54 62 -2
55 56 2
55 57 2
55 58 2
55 63 -2
55 67 -2
55 68 -2
55 69 -2
55 73 2
56 57 2
56 58 2
56 60 2
56 63 -2
56 67 2
56 75 -2
56 76 -2
56 79 2
57 58 2
57 61 2
57 63 -2
57 68 2
57 75 2
57 80 -2
57 82 2
58 62 2
58 63 -2
59 60 2
59 61 2
59 62 2
59 63 2
59 70 -2
59 71 -2
59 72 -2
59 73 -2
60 61 2
60 62 2
60 63 2
60 70 2
60 77 -2
60 78 -2
60 79 -2
61 62 2
61 63 2
61 71 2
61 77 2
61 81 -2
61 82 -2
62 63 2
62 72 2
62 78 2
62 81 2
62 83 -2
64 66 -2
64 68 -2
64 71 -2
65 66 2
65 69 -2
65 72 -2
65 74 -2
65 76 2
65 78 2
66 68 2
66 69 -2
66 71 2
66 72 -2
67 68 2
67 69 2
67 73 -2
67 75 -2
67 76 -2
67 79 2
68 69 2
68 71 2
68 73 -2
68 75 2
68 80 -2
68 82 2
69 72 2
69 73 -2
70 71 2
70 72 2
70 73 2
70 77 -2
70 78 -2
70 79 -2
71 72 2
71 73 2
71 77 2
71 81 -2
71 82 -2
72 73 2
72 78 2
72 81 2
72 83 -2
74 76 -2
74 78 -2
75 76 2
75 79 -2
75 80 -2
75 82 2
76 78 2
76 79 -2
77 78 2
77 79 2
77 81 -2
77 82 -2
78 79 2
78 81 2
78 83 -2
80 82 -2
81 82 2
81 83 -2
