35 150 1 114.45807166259316 104.05279242053922
0 1.1067000256872266 0.10670002568722653
1 2.2107000994357731 0.21070009943577298
2 2.2384237967299541 0.23842379672995362
3 2.2444218250428452 0.2444218250428451
4 3.2765825914958513 0.27658259149585107
5 2.2186932118804408 0.21869321188044036
6 2.2885060532378283 0.28850605323782813
7 3.3264673760322792 0.32646737603227916
8 3.2581369950022676 0.25813699500226722
9 2.5162739900045348 0.51627399000453444
10 0.33199930287152518 0.33199930287152518
11 1.3756834216704101 0.37568342167041008
12 1.2970520078324175 0.29705200783241725
13 1.5941040156648347 0.59410401566483451
14 0.34947295039107928 0.34947295039107917
15 1.2305817593546746 0.23058175935467481
16 2.2687405541205723 0.26874055412057224
17 2.212492531165104 0.21249253116510364
18 2.3186253386570002 0.31862533865700038
19 3.2519363142869309 0.25193631428693053
20 2.5038726285738613 0.50387262857386106
21 2.3678413842951311 0.3678413842951313
22 3.2908513271170805 0.29085132711708056
23 3.581702654234161 0.58170265423416112
24 2.3421780319024479 0.34217803190244772
25 1.1232247678445006 0.12322476784450082
26 2.1626685509663277 0.16266855096632771
27 2.3253371019326554 0.32533710193265541
28 2.2015835637964778 0.20158356379647774
29 3.4031671275929556 0.40316712759295548
30 2.2371571338782092 0.23715713387820914
31 1.1392317068036777 0.13923170680367755
32 2.2170617324639776 0.21706173246397767
33 2.1276833720376338 0.12768337203763391
34 1.0921868187670316 0.092186818767031678
0 2 -2
0 4 -2
0 7 -2
0 11 -2
1 2 2
1 5 -2
1 8 -2
1 12 -2
1 15 -2
1 17 2
1 19 2
1 22 2
2 4 2
2 5 -2
2 7 2
2 8 -2
2 11 2
2 12 -2
3 4 2
3 5 2
3 9 -2
3 13 -2
3 16 -2
3 17 -2
3 20 2
3 23 2
4 5 2
4 7 2
4 9 -2
4 11 2
4 13 -2
4 16 2
4 25 -2
4 27 2
4 29 2
5 8 2
5 9 -2
5 12 2
5 13 -2
6 7 2
6 8 2
6 9 2
6 14 -2
6 18 -2
6 19 -2
6 20 -2
6 24 2
7 8 2
7 9 2
7 11 2
7 14 -2
7 18 2
7 26 -2
7 27 -2
7 30 2
8 9 2
8 12 2
8 14 -2
8 19 2
8 26 2
8 31 -2
8 33 2
9 13 2
9 14 -2
10 11 2
10 12 2
10 13 2
10 14 2
10 21 -2
10 22 -2
10 23 -2
10 24 -2
11 12 2
11 13 2
11 14 2
11 21 2
11 28 -2
11 29 -2
11 30 -2
12 13 2
12 14 2
12 22 2
12 28 2
12 32 -2
12 33 -2
13 14 2
13 23 2
13 29 2
13 32 2
13 34 -2
15 17 -2
15 19 -2
15 22 -2
16 17 2
16 20 -2
16 23 -2
16 25 -2
16 27 2
16 29 2
17 19 2
17 20 -2
17 22 2
17 23 -2
18 19 2
18 20 2
18 24 -2
18 26 -2
18 27 -2
18 30 2
19 20 2
19 22 2
19 24 -2
19 26 2
19 31 -2
19 33 2
20 23 2
20 24 -2
21 22 2
21 23 2
21 24 2
21 28 -2
21 29 -2
21 30 -2
22 23 2
22 24 2
22 28 2
22 32 -2
22 33 -2
23 24 2
23 29 2
23 32 2
23 34 -2
25 27 -2
25 29 -2
26 27 2
26 30 -2
26 31 -2
26 33 2
27 29 2
27 30 -2
28 29 2
28 30 2
28 32 -2
28 33 -2
29 30 2
29 32 2
29 34 -2
31 33 -2
32 33 2
32 34 -2
