220 2475 1 135.63543928722598 118.89705525969794
0 1.0782034558791629 0.078203455879162817
1 2.0914884175907442 0.091488417590744414
2 2.06917416939788 0.069174169397879931
3 2.1220606682933032 0.12206066829330325
4 3.0922897735876194 0.092289773587619528
5 2.0982439525287564 0.09824395252875627
6 2.1262523100312811 0.12625231003128118
7 3.0954590636821884 0.095459063682188192
8 3.1016177129520064 0.10161771295200679
9 2.0954590636821884 0.095459063682188192
10 2.1641214462305554 0.1641214462305555
11 3.1240918251987129 0.12409182519871269
12 3.132097749405081 0.13209774940508126
13 3.1240918251987129 0.12409182519871269
14 2.2762043851197151 0.27620438511971535
15 2.1739516626156621 0.17395166261566203
16 3.1315244278313541 0.13152442783135423
17 3.1400098747882157 0.14000987478821578
18 3.1315244278313541 0.13152442783135423
19 3.2927479200117236 0.29274792001172389
20 2.1442525982666467 0.14425259826664655
21 2.1977833419577051 0.19778334195770536
22 3.1495435024558263 0.14954350245582601
23 3.1591914703562018 0.1591914703562019
24 3.1495435024558263 0.14954350245582601
25 3.3328548925629673 0.33285489256296757
26 3.1640154543063899 0.16401545430638981
27 2.2315512296090207 0.23155122960902091
28 2.2948152692487764 0.29481526924877666
29 3.2229091060173674 0.22290910601736769
30 3.2372903386636489 0.23729033866364951
31 3.2229091060173674 0.22290910601736769
32 3.4961525262967221 0.49615252629672169
33 3.2444809549867908 0.2444809549867904
34 3.3451495835107625 0.34514958351076286
35 2.3163871182181994 0.31638711821819931
36 2.296837746551827 0.29683774655182693
37 3.2244382961733327 0.22443829617333255
38 3.2389181862490313 0.23891818624903144
39 3.2244382961733327 0.22443829617333255
40 3.4995562076116107 0.49955620761161107
41 3.2461581312868804 0.24615813128688085
42 3.3475173618167728 0.34751736181677295
43 3.3185575816653747 0.31855758166537518
44 2.2606380213625799 0.26063802136257974
45 0.30228088039127504 0.30228088039127504
46 1.228553836393403 0.22855383639340307
47 1.2432992451929774 0.24329924519297746
48 1.228553836393403 0.22855383639340307
49 1.5087166035853166 0.50871660358531645
50 1.2506719495927647 0.25067194959276462
51 1.3538898111897855 0.35388981118978541
52 1.3243989935906366 0.32439899359063662
53 1.2654173583923389 0.26541735839233904
54 0.22855383639340307 0.22855383639340307
55 1.0182013633444198 0.018201363344419828
56 2.0413169675341596 0.041316967534159428
57 2.0439825783428152 0.043982578342814875
58 2.0444862576287282 0.044486257628728106
59 3.0473563387660652 0.047356338766065396
60 2.0444862576287282 0.044486257628728106
61 2.0731190191452527 0.073119019145252609
62 3.0778363752191398 0.077836375219139858
63 3.0731190191452527 0.073119019145252609
64 2.1627487845491111 0.16274878454911063
65 2.0805516217778943 0.080551621777894114
66 3.0857485006022745 0.085748500602274402
67 3.0805516217778939 0.080551621777894114
68 3.1792923194411191 0.1792923194411192
69 2.0883469400144645 0.088346940014464526
70 2.0985706964023656 0.098570696402365918
71 3.1049300961702606 0.1049300961702605
72 3.0985706964023656 0.098570696402365918
73 3.2193992919923624 0.21939929199236288
74 3.1081097960542077 0.10810979605420779
75 2.1526255944294701 0.15262559442946982
76 2.1719362999639076 0.17193629996390761
77 3.1830289644777077 0.18302896447770811
78 3.1719362999639076 0.17193629996390761
79 3.3826969257261172 0.38269692572611697
80 3.1885752967346086 0.18857529673460835
81 3.2662239483312114 0.26622394833121177
82 2.2440386193036108 0.24403861930361084
83 2.173465490119872 0.17346549011987245
84 3.18465681206309 0.18465681206309004
85 3.173465490119872 0.17346549011987245
86 3.3861006070410062 0.38610060704100641
87 3.1902524730346991 0.1902524730346988
88 3.2685917266372213 0.26859172663722186
89 3.246209082750787 0.24620908275078671
90 2.2014437949779166 0.2014437949779164
91 2.1775810303399425 0.17758103033994299
92 3.1890378710070357 0.18903787100703606
93 3.1775810303399425 0.17758103033994299
94 3.3952610030147121 0.39526100301471179
95 3.1947662913405828 0.1947662913405826
96 3.2749641760102342 0.27496417601023426
97 3.2520504946760478 0.25205049467604812
98 3.2062231320076755 0.2062231320076757
99 2.1775810303399425 0.17758103033994299
100 1.0352997075528447 0.035299707552844728
101 2.0386734679760949 0.038673467976095256
102 2.0363296214320896 0.036329621432089482
103 2.0691535044291696 0.069153504429169718
104 3.0649623829486141 0.064962382948613978
105 2.144593691079173 0.14459369107917303
106 2.0770656298123042 0.077065629812304234
107 3.0723949855812553 0.072394985581255497
108 3.1611372259711814 0.16113722597118157
109 2.0794009519278283 0.079400951927828617
110 2.0962472253802904 0.096247225380290347
111 3.0904140602057275 0.090414060205727287
112 3.2012441985224247 0.20124419852242525
113 3.0991638079675718 0.099163807967571863
114 2.139995964189513 0.13999596418951321
115 2.1743460936877379 0.17434609368773793
116 3.1637796637672686 0.16377966376726896
117 3.3645418322561786 0.36454183225617931
118 3.1796293086479723 0.17962930864797241
119 3.2535943180912548 0.25359431809125521
120 2.2324614582503171 0.23246145825031725
121 2.1759739412731198 0.17597394127311983
122 3.1653088539232339 0.1653088539232338
123 3.3679455135710685 0.36794551357106875
124 3.1813064849480632 0.18130648494806287
125 3.2559620963972651 0.25596209639726525
126 3.2346319216974933 0.23463192169749314
127 2.1919715722979487 0.19197157229794892
128 2.180355000217066 0.18035500021706588
129 3.1694243941433045 0.16942439414330432
130 3.3771059095447735 0.37710590954477413
131 3.1858203032539465 0.18582030325394666
132 3.2623345457702775 0.26233454577027765
133 3.240473333622754 0.24047333362275453
134 3.196750909327708 0.19675090932770822
135 2.1694243941433045 0.16942439414330432
136 1.0262848942843081 0.026284894284308274
137 2.0549176558008324 0.054917655800832771
138 2.12223607258895 0.12223607258895036
139 2.0623502584334741 0.06235025843347429
140 3.1387796074809589 0.13877960748095891
141 2.0683841544109072 0.068384154410907283
142 2.0803693330579462 0.080369333057946107
143 3.1788865800322026 0.17888658003220262
144 3.0881470104506503 0.08814701045065057
145 2.124442838283271 0.12444283828327141
146 2.1537349366194878 0.15373493661948778
147 3.3421842137659565 0.34218421376595665
148 3.1686125111310508 0.16861251113105111
149 3.2380411921850127 0.23804119218501332
150 2.2182044261695952 0.21820442616959554
151 2.1552641267754526 0.15526412677545259
152 3.345587895080846 0.34558789508084614
153 3.1702896874311417 0.17028968743114156
154 3.2404089704910231 0.24040897049102336
155 3.2203748896167714 0.22037488961677143
156 2.1803067278682677 0.18030672786826754
157 2.1593796669955232 0.15937966699552311
158 3.354748291054551 0.35474829105455147
159 3.174803505737025 0.17480350573702538
160 3.2467814198640359 0.24678141986403584
161 3.2262163015420326 0.22621630154203284
162 3.1850860648980266 0.18508606489802684
163 2.1593796669955232 0.15937966699552311
164 1.0707852116504977 0.070785211650497698
165 2.0873287465425063 0.087328746542506247
166 2.043031556267322 0.04303155626732192
167 2.1274357190937501 0.12743571909374996
168 3.0627944123070656 0.062794412307065187
169 2.088650935021739 0.088650935021739097
170 2.2907333528275045 0.29073335282750407
171 3.1432599129874652 0.14325991298746577
172 3.2022492889234808 0.20224928892348107
173 2.1853951815131909 0.18539518151319098
174 2.2941370341423934 0.29413703414239351
175 3.1449370892875561 0.14493708928755622
176 3.2046170672294907 0.20461706722949116
177 3.1875656449603667 0.18756564496036687
178 2.1534628004221181 0.15346280042211835
179 2.3032974301160993 0.30329743011609883
180 3.1494509075934394 0.14945090759344001
181 3.2109895166025035 0.21098951660250356
182 3.1934070568856279 0.19340705688562829
183 3.1582421374518774 0.15824213745187765
184 2.1362640628057834 0.13626406280578354
185 1.0395555606797304 0.03955556067973047
186 2.0593184167194734 0.059318416719473736
187 2.0837436471333746 0.083743647133374691
188 2.1397839173998743 0.13978391739987431
189 3.1973420010351163 0.19734200103511665
190 2.1808968342821902 0.18089683428219028
191 2.1414610936999647 0.14146109369996476
192 3.1997097793411262 0.19970977934112671
193 3.1830672977293659 0.18306729772936617
194 2.1497823345058449 0.14978233450584505
195 2.1459749120058484 0.14597491200584856
196 3.2060822287141391 0.20608222871413914
197 3.188908709654628 0.18890870965462755
198 3.1545616715356042 0.15456167153560435
199 2.1330947727112144 0.13309477271121486
200 1.0394090486561756 0.039409048656175477
201 2.1530074025579178 0.15300740255791745
202 2.140256785678091 0.14025678567809097
203 2.1553751808639277 0.15537518086392751
204 3.1424272491252663 0.14242724912526686
205 2.1165313856479457 0.11653138564794563
206 2.1617476302369396 0.16174763023693992
207 3.1482686610505284 0.14826866105052827
208 3.1213107226777046 0.12131072267770493
209 2.1044620111946903 0.10446201119469037
210 1.1297072851672449 0.12970728516724495
211 2.1318777486144209 0.13187774861442084
212 2.1078999761390715 0.1078999761390716
213 2.1377191605396821 0.13771916053968222
214 3.1126793131688313 0.11267931316883091
215 2.0970294085620491 0.097029408562048849
216 1.0869745991558142 0.086974599155814014
217 2.0917539361855733 0.091753936185573329
218 2.0790103339375769 0.079010333937577032
219 1.0056447303760354 0.0056447303760353579
0 2 -2
0 4 -2
0 7 -2
0 11 -2
0 16 -2
0 22 -2
0 29 -2
0 37 -2
0 46 -2
1 2 2
1 5 -2
1 8 -2
1 12 -2
1 17 -2
1 23 -2
1 30 -2
1 38 -2
1 47 -2
1 55 -2
1 57 2
1 59 2
1 62 2
1 66 2
1 71 2
1 77 2
1 84 2
1 92 2
2 4 2
2 5 -2
2 7 2
2 8 -2
2 11 2
2 12 -2
2 16 2
2 17 -2
2 22 2
2 23 -2
2 29 2
2 30 -2
2 37 2
2 38 -2
2 46 2
2 47 -2
3 4 2
3 5 2
3 9 -2
3 13 -2
3 18 -2
3 24 -2
3 31 -2
3 39 -2
3 48 -2
3 56 -2
3 57 -2
3 60 2
3 63 2
3 67 2
3 72 2
3 78 2
3 85 2
3 93 2
4 5 2
4 7 2
4 9 -2
4 11 2
4 13 -2
4 16 2
4 18 -2
4 22 2
4 24 -2
4 29 2
4 31 -2
4 37 2
4 39 -2
4 46 2
4 48 -2
4 56 2
4 100 -2
4 102 2
4 104 2
4 107 2
4 111 2
4 116 2
4 122 2
4 129 2
5 8 2
5 9 -2
5 12 2
5 13 -2
5 17 2
5 18 -2
5 23 2
5 24 -2
5 30 2
5 31 -2
5 38 2
5 39 -2
5 47 2
5 48 -2
6 7 2
6 8 2
6 9 2
6 14 -2
6 19 -2
6 25 -2
6 32 -2
6 40 -2
6 49 -2
6 58 -2
6 59 -2
6 60 -2
6 64 2
6 68 2
6 73 2
6 79 2
6 86 2
6 94 2
7 8 2
7 9 2
7 11 2
7 14 -2
7 16 2
7 19 -2
7 22 2
7 25 -2
7 29 2
7 32 -2
7 37 2
7 40 -2
7 46 2
7 49 -2
7 58 2
7 101 -2
7 102 -2
7 105 2
7 108 2
7 112 2
7 117 2
7 123 2
7 130 2
8 9 2
8 12 2
8 14 -2
8 17 2
8 19 -2
8 23 2
8 25 -2
8 30 2
8 32 -2
8 38 2
8 40 -2
8 47 2
8 49 -2
8 59 2
8 101 2
8 136 -2
8 138 2
8 140 2
8 143 2
8 147 2
8 152 2
8 158 2
9 13 2
9 14 -2
9 18 2
9 19 -2
9 24 2
9 25 -2
9 31 2
9 32 -2
9 39 2
9 40 -2
9 48 2
9 49 -2
10 11 2
10 12 2
10 13 2
10 14 2
10 20 -2
10 26 -2
10 33 -2
10 41 -2
10 50 -2
10 61 -2
10 62 -2
10 63 -2
10 64 -2
10 69 2
10 74 2
10 80 2
10 87 2
10 95 2
11 12 2
11 13 2
11 14 2
11 16 2
11 20 -2
11 22 2
11 26 -2
11 29 2
11 33 -2
11 37 2
11 41 -2
11 46 2
11 50 -2
11 61 2
11 103 -2
11 104 -2
11 105 -2
11 109 2
11 113 2
11 118 2
11 124 2
11 131 2
12 13 2
12 14 2
12 17 2
12 20 -2
12 23 2
12 26 -2
12 30 2
12 33 -2
12 38 2
12 41 -2
12 47 2
12 50 -2
12 62 2
12 103 2
12 137 -2
12 138 -2
12 141 2
12 144 2
12 148 2
12 153 2
12 159 2
13 14 2
13 18 2
13 20 -2
13 24 2
13 26 -2
13 31 2
13 33 -2
13 39 2
13 41 -2
13 48 2
13 50 -2
13 63 2
13 104 2
13 137 2
13 164 -2
13 166 2
13 168 2
13 171 2
13 175 2
13 180 2
14 19 2
14 20 -2
14 25 2
14 26 -2
14 32 2
14 33 -2
14 40 2
14 41 -2
14 49 2
14 50 -2
15 16 2
15 17 2
15 18 2
15 19 2
15 20 2
15 27 -2
15 34 -2
15 42 -2
15 51 -2
15 65 -2
15 66 -2
15 67 -2
15 68 -2
15 69 -2
15 75 2
15 81 2
15 88 2
15 96 2
16 17 2
16 18 2
16 19 2
16 20 2
16 22 2
16 27 -2
16 29 2
16 34 -2
16 37 2
16 42 -2
16 46 2
16 51 -2
16 65 2
16 106 -2
16 107 -2
16 108 -2
16 109 -2
16 114 2
16 119 2
16 125 2
16 132 2
17 18 2
17 19 2
17 20 2
17 23 2
17 27 -2
17 30 2
17 34 -2
17 38 2
17 42 -2
17 47 2
17 51 -2
17 66 2
17 106 2
17 139 -2
17 140 -2
17 141 -2
17 145 2
17 149 2
17 154 2
17 160 2
18 19 2
18 20 2
18 24 2
18 27 -2
18 31 2
18 34 -2
18 39 2
18 42 -2
18 48 2
18 51 -2
18 67 2
18 107 2
18 139 2
18 165 -2
18 166 -2
18 169 2
18 172 2
18 176 2
18 181 2
19 20 2
19 25 2
19 27 -2
19 32 2
19 34 -2
19 40 2
19 42 -2
19 49 2
19 51 -2
19 68 2
19 108 2
19 140 2
19 165 2
19 185 -2
19 187 2
19 189 2
19 192 2
19 196 2
20 26 2
20 27 -2
20 33 2
20 34 -2
20 41 2
20 42 -2
20 50 2
20 51 -2
21 22 2
21 23 2
21 24 2
21 25 2
21 26 2
21 27 2
21 35 -2
21 43 -2
21 52 -2
21 70 -2
21 71 -2
21 72 -2
21 73 -2
21 74 -2
21 75 -2
21 82 2
21 89 2
21 97 2
22 23 2
22 24 2
22 25 2
22 26 2
22 27 2
22 29 2
22 35 -2
22 37 2
22 43 -2
22 46 2
22 52 -2
22 70 2
22 110 -2
22 111 -2
22 112 -2
22 113 -2
22 114 -2
22 120 2
22 126 2
22 133 2
23 24 2
23 25 2
23 26 2
23 27 2
23 30 2
23 35 -2
23 38 2
23 43 -2
23 47 2
23 52 -2
23 71 2
23 110 2
23 142 -2
23 143 -2
23 144 -2
23 145 -2
23 150 2
23 155 2
23 161 2
24 25 2
24 26 2
24 27 2
24 31 2
24 35 -2
24 39 2
24 43 -2
24 48 2
24 52 -2
24 72 2
24 111 2
24 142 2
24 167 -2
24 168 -2
24 169 -2
24 173 2
24 177 2
24 182 2
25 26 2
25 27 2
25 32 2
25 35 -2
25 40 2
25 43 -2
25 49 2
25 52 -2
25 73 2
25 112 2
25 143 2
25 167 2
25 186 -2
25 187 -2
25 190 2
25 193 2
25 197 2
26 27 2
26 33 2
26 35 -2
26 41 2
26 43 -2
26 50 2
26 52 -2
26 74 2
26 113 2
26 144 2
26 168 2
26 186 2
26 200 -2
26 202 2
26 204 2
26 207 2
27 34 2
27 35 -2
27 42 2
27 43 -2
27 51 2
27 52 -2
28 29 2
28 30 2
28 31 2
28 32 2
28 33 2
28 34 2
28 35 2
28 44 -2
28 53 -2
28 76 -2
28 77 -2
28 78 -2
28 79 -2
28 80 -2
28 81 -2
28 82 -2
28 90 2
28 98 2
29 30 2
29 31 2
29 32 2
29 33 2
29 34 2
29 35 2
29 37 2
29 44 -2
29 46 2
29 53 -2
29 76 2
29 115 -2
29 116 -2
29 117 -2
29 118 -2
29 119 -2
29 120 -2
29 127 2
29 134 2
30 31 2
30 32 2
30 33 2
30 34 2
30 35 2
30 38 2
30 44 -2
30 47 2
30 53 -2
30 77 2
30 115 2
30 146 -2
30 147 -2
30 148 -2
30 149 -2
30 150 -2
30 156 2
30 162 2
31 32 2
31 33 2
31 34 2
31 35 2
31 39 2
31 44 -2
31 48 2
31 53 -2
31 78 2
31 116 2
31 146 2
31 170 -2
31 171 -2
31 172 -2
31 173 -2
31 178 2
31 183 2
32 33 2
32 34 2
32 35 2
32 40 2
32 44 -2
32 49 2
32 53 -2
32 79 2
32 117 2
32 147 2
32 170 2
32 188 -2
32 189 -2
32 190 -2
32 194 2
32 198 2
33 34 2
33 35 2
33 41 2
33 44 -2
33 50 2
33 53 -2
33 80 2
33 118 2
33 148 2
33 171 2
33 188 2
33 201 -2
33 202 -2
33 205 2
33 208 2
34 35 2
34 42 2
34 44 -2
34 51 2
34 53 -2
34 81 2
34 119 2
34 149 2
34 172 2
34 189 2
34 201 2
34 210 -2
34 212 2
34 214 2
35 43 2
35 44 -2
35 52 2
35 53 -2
36 37 2
36 38 2
36 39 2
36 40 2
36 41 2
36 42 2
36 43 2
36 44 2
36 54 -2
36 83 -2
36 84 -2
36 85 -2
36 86 -2
36 87 -2
36 88 -2
36 89 -2
36 90 -2
36 99 2
37 38 2
37 39 2
37 40 2
37 41 2
37 42 2
37 43 2
37 44 2
37 46 2
37 54 -2
37 83 2
37 121 -2
37 122 -2
37 123 -2
37 124 -2
37 125 -2
37 126 -2
37 127 -2
37 135 2
38 39 2
38 40 2
38 41 2
38 42 2
38 43 2
38 44 2
38 47 2
38 54 -2
38 84 2
38 121 2
38 151 -2
38 152 -2
38 153 -2
38 154 -2
38 155 -2
38 156 -2
38 163 2
39 40 2
39 41 2
39 42 2
39 43 2
39 44 2
39 48 2
39 54 -2
39 85 2
39 122 2
39 151 2
39 174 -2
39 175 -2
39 176 -2
39 177 -2
39 178 -2
39 184 2
40 41 2
40 42 2
40 43 2
40 44 2
40 49 2
40 54 -2
40 86 2
40 123 2
40 152 2
40 174 2
40 191 -2
40 192 -2
40 193 -2
40 194 -2
40 199 2
41 42 2
41 43 2
41 44 2
41 50 2
41 54 -2
41 87 2
41 124 2
41 153 2
41 175 2
41 191 2
41 203 -2
41 204 -2
41 205 -2
41 209 2
42 43 2
42 44 2
42 51 2
42 54 -2
42 88 2
42 125 2
42 154 2
42 176 2
42 192 2
42 203 2
42 211 -2
42 212 -2
42 215 2
43 44 2
43 52 2
43 54 -2
43 89 2
43 126 2
43 155 2
43 177 2
43 193 2
43 204 2
43 211 2
43 216 -2
43 218 2
44 53 2
44 54 -2
45 46 2
45 47 2
45 48 2
45 49 2
45 50 2
45 51 2
45 52 2
45 53 2
45 54 2
45 91 -2
45 92 -2
45 93 -2
45 94 -2
45 95 -2
45 96 -2
45 97 -2
45 98 -2
45 99 -2
46 47 2
46 48 2
46 49 2
46 50 2
46 51 2
46 52 2
46 53 2
46 54 2
46 91 2
46 128 -2
46 129 -2
46 130 -2
46 131 -2
46 132 -2
46 133 -2
46 134 -2
46 135 -2
47 48 2
47 49 2
47 50 2
47 51 2
47 52 2
47 53 2
47 54 2
47 92 2
47 128 2
47 157 -2
47 158 -2
47 159 -2
47 160 -2
47 161 -2
47 162 -2
47 163 -2
48 49 2
48 50 2
48 51 2
48 52 2
48 53 2
48 54 2
48 93 2
48 129 2
48 157 2
48 179 -2
48 180 -2
48 181 -2
48 182 -2
48 183 -2
48 184 -2
49 50 2
49 51 2
49 52 2
49 53 2
49 54 2
49 94 2
49 130 2
49 158 2
49 179 2
49 195 -2
49 196 -2
49 197 -2
49 198 -2
49 199 -2
50 51 2
50 52 2
50 53 2
50 54 2
50 95 2
50 131 2
50 159 2
50 180 2
50 195 2
50 206 -2
50 207 -2
50 208 -2
50 209 -2
51 52 2
51 53 2
51 54 2
51 96 2
51 132 2
51 160 2
51 181 2
51 196 2
51 206 2
51 213 -2
51 214 -2
51 215 -2
52 53 2
52 54 2
52 97 2
52 133 2
52 161 2
52 182 2
52 197 2
52 207 2
52 213 2
52 217 -2
52 218 -2
53 54 2
53 98 2
53 134 2
53 162 2
53 183 2
53 198 2
53 208 2
53 214 2
53 217 2
53 219 -2
55 57 -2
55 59 -2
55 62 -2
55 66 -2
55 71 -2
55 77 -2
55 84 -2
55 92 -2
56 57 2
56 60 -2
56 63 -2
56 67 -2
56 72 -2
56 78 -2
56 85 -2
56 93 -2
56 100 -2
56 102 2
56 104 2
56 107 2
56 111 2
56 116 2
56 122 2
56 129 2
57 59 2
57 60 -2
57 62 2
57 63 -2
57 66 2
57 67 -2
57 71 2
57 72 -2
57 77 2
57 78 -2
57 84 2
57 85 -2
57 92 2
57 93 -2
58 59 2
58 60 2
58 64 -2
58 68 -2
58 73 -2
58 79 -2
58 86 -2
58 94 -2
58 101 -2
58 102 -2
58 105 2
58 108 2
58 112 2
58 117 2
58 123 2
58 130 2
59 60 2
59 62 2
59 64 -2
59 66 2
59 68 -2
59 71 2
59 73 -2
59 77 2
59 79 -2
59 84 2
59 86 -2
59 92 2
59 94 -2
59 101 2
59 136 -2
59 138 2
59 140 2
59 143 2
59 147 2
59 152 2
59 158 2
60 63 2
60 64 -2
60 67 2
60 68 -2
60 72 2
60 73 -2
60 78 2
60 79 -2
60 85 2
60 86 -2
60 93 2
60 94 -2
61 62 2
61 63 2
61 64 2
61 69 -2
61 74 -2
61 80 -2
61 87 -2
61 95 -2
61 103 -2
61 104 -2
61 105 -2
61 109 2
61 113 2
61 118 2
61 124 2
61 131 2
62 63 2
62 64 2
62 66 2
62 69 -2
62 71 2
62 74 -2
62 77 2
62 80 -2
62 84 2
62 87 -2
62 92 2
62 95 -2
62 103 2
62 137 -2
62 138 -2
62 141 2
62 144 2
62 148 2
62 153 2
62 159 2
63 64 2
63 67 2
63 69 -2
63 72 2
63 74 -2
63 78 2
63 80 -2
63 85 2
63 87 -2
63 93 2
63 95 -2
63 104 2
63 137 2
63 164 -2
63 166 2
63 168 2
63 171 2
63 175 2
63 180 2
64 68 2
64 69 -2
64 73 2
64 74 -2
64 79 2
64 80 -2
64 86 2
64 87 -2
64 94 2
64 95 -2
65 66 2
65 67 2
65 68 2
65 69 2
65 75 -2
65 81 -2
65 88 -2
65 96 -2
65 106 -2
65 107 -2
65 108 -2
65 109 -2
65 114 2
65 119 2
65 125 2
65 132 2
66 67 2
66 68 2
66 69 2
66 71 2
66 75 -2
66 77 2
66 81 -2
66 84 2
66 88 -2
66 92 2
66 96 -2
66 106 2
66 139 -2
66 140 -2
66 141 -2
66 145 2
66 149 2
66 154 2
66 160 2
67 68 2
67 69 2
67 72 2
67 75 -2
67 78 2
67 81 -2
67 85 2
67 88 -2
67 93 2
67 96 -2
67 107 2
67 139 2
67 165 -2
67 166 -2
67 169 2
67 172 2
67 176 2
67 181 2
68 69 2
68 73 2
68 75 -2
68 79 2
68 81 -2
68 86 2
68 88 -2
68 94 2
68 96 -2
68 108 2
68 140 2
68 165 2
68 185 -2
68 187 2
68 189 2
68 192 2
68 196 2
69 74 2
69 75 -2
69 80 2
69 81 -2
69 87 2
69 88 -2
69 95 2
69 96 -2
70 71 2
70 72 2
70 73 2
70 74 2
70 75 2
70 82 -2
70 89 -2
70 97 -2
70 110 -2
70 111 -2
70 112 -2
70 113 -2
70 114 -2
70 120 2
70 126 2
70 133 2
71 72 2
71 73 2
71 74 2
71 75 2
71 77 2
71 82 -2
71 84 2
71 89 -2
71 92 2
71 97 -2
71 110 2
71 142 -2
71 143 -2
71 144 -2
71 145 -2
71 150 2
71 155 2
71 161 2
72 73 2
72 74 2
72 75 2
72 78 2
72 82 -2
72 85 2
72 89 -2
72 93 2
72 97 -2
72 111 2
72 142 2
72 167 -2
72 168 -2
72 169 -2
72 173 2
72 177 2
72 182 2
73 74 2
73 75 2
73 79 2
73 82 -2
73 86 2
73 89 -2
73 94 2
73 97 -2
73 112 2
73 143 2
73 167 2
73 186 -2
73 187 -2
73 190 2
73 193 2
73 197 2
74 75 2
74 80 2
74 82 -2
74 87 2
74 89 -2
74 95 2
74 97 -2
74 113 2
74 144 2
74 168 2
74 186 2
74 200 -2
74 202 2
74 204 2
74 207 2
75 81 2
75 82 -2
75 88 2
75 89 -2
75 96 2
75 97 -2
76 77 2
76 78 2
76 79 2
76 80 2
76 81 2
76 82 2
76 90 -2
76 98 -2
76 115 -2
76 116 -2
76 117 -2
76 118 -2
76 119 -2
76 120 -2
76 127 2
76 134 2
77 78 2
77 79 2
77 80 2
77 81 2
77 82 2
77 84 2
77 90 -2
77 92 2
77 98 -2
77 115 2
77 146 -2
77 147 -2
77 148 -2
77 149 -2
77 150 -2
77 156 2
77 162 2
78 79 2
78 80 2
78 81 2
78 82 2
78 85 2
78 90 -2
78 93 2
78 98 -2
78 116 2
78 146 2
78 170 -2
78 171 -2
78 172 -2
78 173 -2
78 178 2
78 183 2
79 80 2
79 81 2
79 82 2
79 86 2
79 90 -2
79 94 2
79 98 -2
79 117 2
79 147 2
79 170 2
79 188 -2
79 189 -2
79 190 -2
79 194 2
79 198 2
80 81 2
80 82 2
80 87 2
80 90 -2
80 95 2
80 98 -2
80 118 2
80 148 2
80 171 2
80 188 2
80 201 -2
80 202 -2
80 205 2
80 208 2
81 82 2
81 88 2
81 90 -2
81 96 2
81 98 -2
81 119 2
81 149 2
81 172 2
81 189 2
81 201 2
81 210 -2
81 212 2
81 214 2
82 89 2
82 90 -2
82 97 2
82 98 -2
83 84 2
83 85 2
83 86 2
83 87 2
83 88 2
83 89 2
83 90 2
83 99 -2
83 121 -2
83 122 -2
83 123 -2
83 124 -2
83 125 -2
83 126 -2
83 127 -2
83 135 2
84 85 2
84 86 2
84 87 2
84 88 2
84 89 2
84 90 2
84 92 2
84 99 -2
84 121 2
84 151 -2
84 152 -2
84 153 -2
84 154 -2
84 155 -2
84 156 -2
84 163 2
85 86 2
85 87 2
85 88 2
85 89 2
85 90 2
85 93 2
85 99 -2
85 122 2
85 151 2
85 174 -2
85 175 -2
85 176 -2
85 177 -2
85 178 -2
85 184 2
86 87 2
86 88 2
86 89 2
86 90 2
86 94 2
86 99 -2
86 123 2
86 152 2
86 174 2
86 191 -2
86 192 -2
86 193 -2
86 194 -2
86 199 2
87 88 2
87 89 2
87 90 2
87 95 2
87 99 -2
87 124 2
87 153 2
87 175 2
87 191 2
87 203 -2
87 204 -2
87 205 -2
87 209 2
88 89 2
88 90 2
88 96 2
88 99 -2
88 125 2
88 154 2
88 176 2
88 192 2
88 203 2
88 211 -2
88 212 -2
88 215 2
89 90 2
89 97 2
89 99 -2
89 126 2
89 155 2
89 177 2
89 193 2
89 204 2
89 211 2
89 216 -2
89 218 2
90 98 2
90 99 -2
91 92 2
91 93 2
91 94 2
91 95 2
91 96 2
91 97 2
91 98 2
91 99 2
91 128 -2
91 129 -2
91 130 -2
91 131 -2
91 132 -2
91 133 -2
91 134 -2
91 135 -2
92 93 2
92 94 2
92 95 2
92 96 2
92 97 2
92 98 2
92 99 2
92 128 2
92 157 -2
92 158 -2
92 159 -2
92 160 -2
92 161 -2
92 162 -2
92 163 -2
93 94 2
93 95 2
93 96 2
93 97 2
93 98 2
93 99 2
93 129 2
93 157 2
93 179 -2
93 180 -2
93 181 -2
93 182 -2
93 183 -2
93 184 -2
94 95 2
94 96 2
94 97 2
94 98 2
94 99 2
94 130 2
94 158 2
94 179 2
94 195 -2
94 196 -2
94 197 -2
94 198 -2
94 199 -2
95 96 2
95 97 2
95 98 2
95 99 2
95 131 2
95 159 2
95 180 2
95 195 2
95 206 -2
95 207 -2
95 208 -2
95 209 -2
96 97 2
96 98 2
96 99 2
96 132 2
96 160 2
96 181 2
96 196 2
96 206 2
96 213 -2
96 214 -2
96 215 -2
97 98 2
97 99 2
97 133 2
97 161 2
97 182 2
97 197 2
97 207 2
97 213 2
97 217 -2
97 218 -2
98 99 2
98 134 2
98 162 2
98 183 2
98 198 2
98 208 2
98 214 2
98 217 2
98 219 -2
100 102 -2
100 104 -2
100 107 -2
100 111 -2
100 116 -2
100 122 -2
100 129 -2
101 102 2
101 105 -2
101 108 -2
101 112 -2
101 117 -2
101 123 -2
101 130 -2
101 136 -2
101 138 2
101 140 2
101 143 2
101 147 2
101 152 2
101 158 2
102 104 2
102 105 -2
102 107 2
102 108 -2
102 111 2
102 112 -2
102 116 2
102 117 -2
102 122 2
102 123 -2
102 129 2
102 130 -2
103 104 2
103 105 2
103 109 -2
103 113 -2
103 118 -2
103 124 -2
103 131 -2
103 137 -2
103 138 -2
103 141 2
103 144 2
103 148 2
103 153 2
103 159 2
104 105 2
104 107 2
104 109 -2
104 111 2
104 113 -2
104 116 2
104 118 -2
104 122 2
104 124 -2
104 129 2
104 131 -2
104 137 2
104 164 -2
104 166 2
104 168 2
104 171 2
104 175 2
104 180 2
105 108 2
105 109 -2
105 112 2
105 113 -2
105 117 2
105 118 -2
105 123 2
105 124 -2
105 130 2
105 131 -2
106 107 2
106 108 2
106 109 2
106 114 -2
106 119 -2
106 125 -2
106 132 -2
106 139 -2
106 140 -2
106 141 -2
106 145 2
106 149 2
106 154 2
106 160 2
107 108 2
107 109 2
107 111 2
107 114 -2
107 116 2
107 119 -2
107 122 2
107 125 -2
107 129 2
107 132 -2
107 139 2
107 165 -2
107 166 -2
107 169 2
107 172 2
107 176 2
107 181 2
108 109 2
108 112 2
108 114 -2
108 117 2
108 119 -2
108 123 2
108 125 -2
108 130 2
108 132 -2
108 140 2
108 165 2
108 185 -2
108 187 2
108 189 2
108 192 2
108 196 2
109 113 2
109 114 -2
109 118 2
109 119 -2
109 124 2
109 125 -2
109 131 2
109 132 -2
110 111 2
110 112 2
110 113 2
110 114 2
110 120 -2
110 126 -2
110 133 -2
110 142 -2
110 143 -2
110 144 -2
110 145 -2
110 150 2
110 155 2
110 161 2
111 112 2
111 113 2
111 114 2
111 116 2
111 120 -2
111 122 2
111 126 -2
111 129 2
111 133 -2
111 142 2
111 167 -2
111 168 -2
111 169 -2
111 173 2
111 177 2
111 182 2
112 113 2
112 114 2
112 117 2
112 120 -2
112 123 2
112 126 -2
112 130 2
112 133 -2
112 143 2
112 167 2
112 186 -2
112 187 -2
112 190 2
112 193 2
112 197 2
113 114 2
113 118 2
113 120 -2
113 124 2
113 126 -2
113 131 2
113 133 -2
113 144 2
113 168 2
113 186 2
113 200 -2
113 202 2
113 204 2
113 207 2
114 119 2
114 120 -2
114 125 2
114 126 -2
114 132 2
114 133 -2
115 116 2
115 117 2
115 118 2
115 119 2
115 120 2
115 127 -2
115 134 -2
115 146 -2
115 147 -2
115 148 -2
115 149 -2
115 150 -2
115 156 2
115 162 2
116 117 2
116 118 2
116 119 2
116 120 2
116 122 2
116 127 -2
116 129 2
116 134 -2
116 146 2
116 170 -2
116 171 -2
116 172 -2
116 173 -2
116 178 2
116 183 2
117 118 2
117 119 2
117 120 2
117 123 2
117 127 -2
117 130 2
117 134 -2
117 147 2
117 170 2
117 188 -2
117 189 -2
117 190 -2
117 194 2
117 198 2
118 119 2
118 120 2
118 124 2
118 127 -2
118 131 2
118 134 -2
118 148 2
118 171 2
118 188 2
118 201 -2
118 202 -2
118 205 2
118 208 2
119 120 2
119 125 2
119 127 -2
119 132 2
119 134 -2
119 149 2
119 172 2
119 189 2
119 201 2
119 210 -2
119 212 2
119 214 2
120 126 2
120 127 -2
120 133 2
120 134 -2
121 122 2
121 123 2
121 124 2
121 125 2
121 126 2
121 127 2
121 135 -2
121 151 -2
121 152 -2
121 153 -2
121 154 -2
121 155 -2
121 156 -2
121 163 2
122 123 2
122 124 2
122 125 2
122 126 2
122 127 2
122 129 2
122 135 -2
122 151 2
122 174 -2
122 175 -2
122 176 -2
122 177 -2
122 178 -2
122 184 2
123 124 2
123 125 2
123 126 2
123 127 2
123 130 2
123 135 -2
123 152 2
123 174 2
123 191 -2
123 192 -2
123 193 -2
123 194 -2
123 199 2
124 125 2
124 126 2
124 127 2
124 131 2
124 135 -2
124 153 2
124 175 2
124 191 2
124 203 -2
124 204 -2
124 205 -2
124 209 2
125 126 2
125 127 2
125 132 2
125 135 -2
125 154 2
125 176 2
125 192 2
125 203 2
125 211 -2
125 212 -2
125 215 2
126 127 2
126 133 2
126 135 -2
126 155 2
126 177 2
126 193 2
126 204 2
126 211 2
126 216 -2
126 218 2
127 134 2
127 135 -2
128 129 2
128 130 2
128 131 2
128 132 2
128 133 2
128 134 2
128 135 2
128 157 -2
128 158 -2
128 159 -2
128 160 -2
128 161 -2
128 162 -2
128 163 -2
129 130 2
129 131 2
129 132 2
129 133 2
129 134 2
129 135 2
129 157 2
129 179 -2
129 180 -2
129 181 -2
129 182 -2
129 183 -2
129 184 -2
130 131 2
130 132 2
130 133 2
130 134 2
130 135 2
130 158 2
130 179 2
130 195 -2
130 196 -2
130 197 -2
130 198 -2
130 199 -2
131 132 2
131 133 2
131 134 2
131 135 2
131 159 2
131 180 2
131 195 2
131 206 -2
131 207 -2
131 208 -2
131 209 -2
132 133 2
132 134 2
132 135 2
132 160 2
132 181 2
132 196 2
132 206 2
132 213 -2
132 214 -2
132 215 -2
133 134 2
133 135 2
133 161 2
133 182 2
133 197 2
133 207 2
133 213 2
133 217 -2
133 218 -2
134 135 2
134 162 2
134 183 2
134 198 2
134 208 2
134 214 2
134 217 2
134 219 -2
136 138 -2
136 140 -2
136 143 -2
136 147 -2
136 152 -2
136 158 -2
137 138 2
137 141 -2
137 144 -2
137 148 -2
137 153 -2
137 159 -2
137 164 -2
137 166 2
137 168 2
137 171 2
137 175 2
137 180 2
138 140 2
138 141 -2
138 143 2
138 144 -2
138 147 2
138 148 -2
138 152 2
138 153 -2
138 158 2
138 159 -2
139 140 2
139 141 2
139 145 -2
139 149 -2
139 154 -2
139 160 -2
139 165 -2
139 166 -2
139 169 2
139 172 2
139 176 2
139 181 2
140 141 2
140 143 2
140 145 -2
140 147 2
140 149 -2
140 152 2
140 154 -2
140 158 2
140 160 -2
140 165 2
140 185 -2
140 187 2
140 189 2
140 192 2
140 196 2
141 144 2
141 145 -2
141 148 2
141 149 -2
141 153 2
141 154 -2
141 159 2
141 160 -2
142 143 2
142 144 2
142 145 2
142 150 -2
142 155 -2
142 161 -2
142 167 -2
142 168 -2
142 169 -2
142 173 2
142 177 2
142 182 2
143 144 2
143 145 2
143 147 2
143 150 -2
143 152 2
143 155 -2
143 158 2
143 161 -2
143 167 2
143 186 -2
143 187 -2
143 190 2
143 193 2
143 197 2
144 145 2
144 148 2
144 150 -2
144 153 2
144 155 -2
144 159 2
144 161 -2
144 168 2
144 186 2
144 200 -2
144 202 2
144 204 2
144 207 2
145 149 2
145 150 -2
145 154 2
145 155 -2
145 160 2
145 161 -2
146 147 2
146 148 2
146 149 2
146 150 2
146 156 -2
146 162 -2
146 170 -2
146 171 -2
146 172 -2
146 173 -2
146 178 2
146 183 2
147 148 2
147 149 2
147 150 2
147 152 2
147 156 -2
147 158 2
147 162 -2
147 170 2
147 188 -2
147 189 -2
147 190 -2
147 194 2
147 198 2
148 149 2
148 150 2
148 153 2
148 156 -2
148 159 2
148 162 -2
148 171 2
148 188 2
148 201 -2
148 202 -2
148 205 2
148 208 2
149 150 2
149 154 2
149 156 -2
149 160 2
149 162 -2
149 172 2
149 189 2
149 201 2
149 210 -2
149 212 2
149 214 2
150 155 2
150 156 -2
150 161 2
150 162 -2
151 152 2
151 153 2
151 154 2
151 155 2
151 156 2
151 163 -2
151 174 -2
151 175 -2
151 176 -2
151 177 -2
151 178 -2
151 184 2
152 153 2
152 154 2
152 155 2
152 156 2
152 158 2
152 163 -2
152 174 2
152 191 -2
152 192 -2
152 193 -2
152 194 -2
152 199 2
153 154 2
153 155 2
153 156 2
153 159 2
153 163 -2
153 175 2
153 191 2
153 203 -2
153 204 -2
153 205 -2
153 209 2
154 155 2
154 156 2
154 160 2
154 163 -2
154 176 2
154 192 2
154 203 2
154 211 -2
154 212 -2
154 215 2
155 156 2
155 161 2
155 163 -2
155 177 2
155 193 2
155 204 2
155 211 2
155 216 -2
155 218 2
156 162 2
156 163 -2
157 158 2
157 159 2
157 160 2
157 161 2
157 162 2
157 163 2
157 179 -2
157 180 -2
157 181 -2
157 182 -2
157 183 -2
157 184 -2
158 159 2
158 160 2
158 161 2
158 162 2
158 163 2
158 179 2
158 195 -2
158 196 -2
158 197 -2
158 198 -2
158 199 -2
159 160 2
159 161 2
159 162 2
159 163 2
159 180 2
159 195 2
159 206 -2
159 207 -2
159 208 -2
159 209 -2
160 161 2
160 162 2
160 163 2
160 181 2
160 196 2
160 206 2
160 213 -2
160 214 -2
160 215 -2
161 162 2
161 163 2
161 182 2
161 197 2
161 207 2
161 213 2
161 217 -2
161 218 -2
162 163 2
162 183 2
162 198 2
162 208 2
162 214 2
162 217 2
162 219 -2
164 166 -2
164 168 -2
164 171 -2
164 175 -2
164 180 -2
165 166 2
165 169 -2
165 172 -2
165 176 -2
165 181 -2
165 185 -2
165 187 2
165 189 2
165 192 2
165 196 2
166 168 2
166 169 -2
166 171 2
166 172 -2
166 175 2
166 176 -2
166 180 2
166 181 -2
167 168 2
167 169 2
167 173 -2
167 177 -2
167 182 -2
167 186 -2
167 187 -2
167 190 2
167 193 2
167 197 2
168 169 2
168 171 2
168 173 -2
168 175 2
168 177 -2
168 180 2
168 182 -2
168 186 2
168 200 -2
168 202 2
168 204 2
168 207 2
169 172 2
169 173 -2
169 176 2
169 177 -2
169 181 2
169 182 -2
170 171 2
170 172 2
170 173 2
170 178 -2
170 183 -2
170 188 -2
170 189 -2
170 190 -2
170 194 2
170 198 2
171 172 2
171 173 2
171 175 2
171 178 -2
171 180 2
171 183 -2
171 188 2
171 201 -2
171 202 -2
171 205 2
171 208 2
172 173 2
172 176 2
172 178 -2
172 181 2
172 183 -2
172 189 2
172 201 2
172 210 -2
172 212 2
172 214 2
173 177 2
173 178 -2
173 182 2
173 183 -2
174 175 2
174 176 2
174 177 2
174 178 2
174 184 -2
174 191 -2
174 192 -2
174 193 -2
174 194 -2
174 199 2
175 176 2
175 177 2
175 178 2
175 180 2
175 184 -2
175 191 2
175 203 -2
175 204 -2
175 205 -2
175 209 2
176 177 2
176 178 2
176 181 2
176 184 -2
176 192 2
176 203 2
176 211 -2
176 212 -2
176 215 2
177 178 2
177 182 2
177 184 -2
177 193 2
177 204 2
177 211 2
177 216 -2
177 218 2
178 183 2
178 184 -2
179 180 2
179 181 2
179 182 2
179 183 2
179 184 2
179 195 -2
179 196 -2
179 197 -2
179 198 -2
179 199 -2
180 181 2
180 182 2
180 183 2
180 184 2
180 195 2
180 206 -2
180 207 -2
180 208 -2
180 209 -2
181 182 2
181 183 2
181 184 2
181 196 2
181 206 2
181 213 -2
181 214 -2
181 215 -2
182 183 2
182 184 2
182 197 2
182 207 2
182 213 2
182 217 -2
182 218 -2
183 184 2
183 198 2
183 208 2
183 214 2
183 217 2
183 219 -2
185 187 -2
185 189 -2
185 192 -2
185 196 -2
186 187 2
186 190 -2
186 193 -2
186 197 -2
186 200 -2
186 202 2
186 204 2
186 207 2
187 189 2
187 190 -2
187 192 2
187 193 -2
187 196 2
187 197 -2
188 189 2
188 190 2
188 194 -2
188 198 -2
188 201 -2
188 202 -2
188 205 2
188 208 2
189 190 2
189 192 2
189 194 -2
189 196 2
189 198 -2
189 201 2
189 210 -2
189 212 2
189 214 2
190 193 2
190 194 -2
190 197 2
190 198 -2
191 192 2
191 193 2
191 194 2
191 199 -2
191 203 -2
191 204 -2
191 205 -2
191 209 2
192 193 2
192 194 2
192 196 2
192 199 -2
192 203 2
192 211 -2
192 212 -2
192 215 2
193 194 2
193 197 2
193 199 -2
193 204 2
193 211 2
193 216 -2
193 218 2
194 198 2
194 199 -2
195 196 2
195 197 2
195 198 2
195 199 2
195 206 -2
195 207 -2
195 208 -2
195 209 -2
196 197 2
196 198 2
196 199 2
196 206 2
196 213 -2
196 214 -2
196 215 -2
197 198 2
197 199 2
197 207 2
197 213 2
197 217 -2
197 218 -2
198 199 2
198 208 2
198 214 2
198 217 2
198 219 -2
200 202 -2
200 204 -2
200 207 -2
201 202 2
201 205 -2
201 208 -2
201 210 -2
201 212 2
201 214 2
202 204 2
202 205 -2
202 207 2
202 208 -2
203 204 2
203 205 2
203 209 -2
203 211 -2
203 212 -2
203 215 2
204 205 2
204 207 2
204 209 -2
204 211 2
204 216 -2
204 218 2
205 208 2
205 209 -2
206 207 2
206 208 2
206 209 2
206 213 -2
206 214 -2
206 215 -2
207 208 2
207 209 2
207 213 2
207 217 -2
207 218 -2
208 209 2
208 214 2
208 217 2
208 219 -2
210 212 -2
210 214 -2
211 212 2
211 215 -2
211 216 -2
211 218 2
212 214 2
212 215 -2
213 214 2
213 215 2
213 217 -2
213 218 -2
214 215 2
214 217 2
214 219 -2
216 218 -2
217 218 2
217 219 -2
