56 315 1 136.62534105904581 124.20485550822346
0 1.1302882227524127 0.13028822275241278
1 2.1366113819220702 0.13661138192207026
2 2.1521354025950328 0.1521354025950328
3 2.266766888247743 0.26676688824774319
4 3.2970813073668048 0.29708130736680494
5 2.2243267014810568 0.22432670148105677
6 2.2699383340367274 0.26993833403672729
7 3.3006131447227189 0.30061314472271911
8 3.2269935990763385 0.22699359907633887
9 2.3374229175459091 0.3374229175459092
10 2.3128125579143912 0.3128125579143915
11 3.3483594394955727 0.34835943949557241
12 3.2630469237007382 0.26304692370073834
13 3.3910156973929895 0.39101569739298941
14 2.5403126000339489 0.54031260003394899
15 0.32204860137172048 0.32204860137172048
16 1.3586450333457796 0.35864503334577963
17 1.2708135966080376 0.27081359660803767
18 1.4025607517146506 0.40256075171465061
19 1.5562657660056991 0.55626576600569899
20 0.57822362519013448 0.57822362519013448
21 1.0910801737155684 0.091080173715568369
22 2.2360260784873405 0.23602607848734053
23 2.1782237735516654 0.1782237735516653
24 2.239557915843255 0.2395579158432547
25 3.1808906711469476 0.18089067114694743
26 2.2688915381914083 0.26889153819140832
27 2.2873042106161079 0.287304210616108
28 3.2169439957713468 0.21694399577134688
29 3.3224843180384886 0.32248431803848859
30 2.4456146940168204 0.44561469401682058
31 2.2975898044663152 0.29758980446631522
32 3.2247106686786462 0.22471066867864622
33 3.3340293723601495 0.33402937236014979
34 3.4615678599885706 0.46156785998857058
35 2.4797876439354876 0.4797876439354879
36 1.1147661505301643 0.11476615053016422
37 2.1174330481254464 0.11743304812544632
38 2.1745626391053929 0.17456263910539319
39 2.1534863727498457 0.15348637274984575
40 3.2281554189524737 0.2281554189524734
41 2.3152693061888723 0.31526930618887239
42 2.161253045657145 0.1612530456571451
43 3.2397004732741346 0.23970047327413463
44 3.3312224721606225 0.33122247216062239
45 2.3442970434301205 0.34429704343012063
46 1.1666586901433214 0.16665869014332135
47 2.2202514699904015 0.22025146999040157
48 2.3043474858049189 0.30434748580491855
49 2.2317965243120628 0.23179652431206277
50 3.3203006517766687 0.32030065177666855
51 2.3329440985573267 0.33294409855732654
52 1.0795334294242107 0.079533429424210753
53 2.0954865953959612 0.095486595395960758
54 2.0992558031089592 0.099255803108959192
55 1.093561616351465 0.093561616351464968
0 2 -2
0 4 -2
0 7 -2
0 11 -2
0 16 -2
1 2 2
1 5 -2
1 8 -2
1 12 -2
1 17 -2
1 21 -2
1 23 2
1 25 2
1 28 2
1 32 2
2 4 2
2 5 -2
2 7 2
2 8 -2
2 11 2
2 12 -2
2 16 2
2 17 -2
3 4 2
3 5 2
3 9 -2
3 13 -2
3 18 -2
3 22 -2
3 23 -2
3 26 2
3 29 2
3 33 2
4 5 2
4 7 2
4 9 -2
4 11 2
4 13 -2
4 16 2
4 18 -2
4 22 2
4 36 -2
4 38 2
4 40 2
4 43 2
5 8 2
5 9 -2
5 12 2
5 13 -2
5 17 2
5 18 -2
6 7 2
6 8 2
6 9 2
6 14 -2
6 19 -2
6 24 -2
6 25 -2
6 26 -2
6 30 2
6 34 2
7 8 2
7 9 2
7 11 2
7 14 -2
7 16 2
7 19 -2
7 24 2
7 37 -2
7 38 -2
7 41 2
7 44 2
8 9 2
8 12 2
8 14 -2
8 17 2
8 19 -2
8 25 2
8 37 2
8 46 -2
8 48 2
8 50 2
9 13 2
9 14 -2
9 18 2
9 19 -2
10 11 2
10 12 2
10 13 2
10 14 2
10 20 -2
10 27 -2
10 28 -2
10 29 -2
10 30 -2
10 35 2
11 12 2
11 13 2
11 14 2
11 16 2
11 20 -2
11 27 2
11 39 -2
11 40 -2
11 41 -2
11 45 2
12 13 2
12 14 2
12 17 2
12 20 -2
12 28 2
12 39 2
12 47 -2
12 48 -2
12 51 2
13 14 2
13 18 2
13 20 -2
13 29 2
13 40 2
13 47 2
13 52 -2
13 54 2
14 19 2
14 20 -2
15 16 2
15 17 2
15 18 2
15 19 2
15 20 2
15 31 -2
15 32 -2
15 33 -2
15 34 -2
15 35 -2
16 17 2
16 18 2
16 19 2
16 20 2
16 31 2
16 42 -2
16 43 -2
16 44 -2
16 45 -2
17 18 2
17 19 2
17 20 2
17 32 2
17 42 2
17 49 -2
17 50 -2
17 51 -2
18 19 2
18 20 2
18 33 2
18 43 2
18 49 2
18 53 -2
18 54 -2
19 20 2
19 34 2
19 44 2
19 50 2
19 53 2
19 55 -2
21 23 -2
21 25 -2
21 28 -2
21 32 -2
22 23 2
22 26 -2
22 29 -2
22 33 -2
22 36 -2
22 38 2
22 40 2
22 43 2
23 25 2
23 26 -2
23 28 2
23 29 -2
23 32 2
23 33 -2
24 25 2
24 26 2
24 30 -2
24 34 -2
24 37 -2
24 38 -2
24 41 2
24 44 2
25 26 2
25 28 2
25 30 -2
25 32 2
25 34 -2
25 37 2
25 46 -2
25 48 2
25 50 2
26 29 2
26 30 -2
26 33 2
26 34 -2
27 28 2
27 29 2
27 30 2
27 35 -2
27 39 -2
27 40 -2
27 41 -2
27 45 2
28 29 2
28 30 2
28 32 2
28 35 -2
28 39 2
28 47 -2
28 48 -2
28 51 2
29 30 2
29 33 2
29 35 -2
29 40 2
29 47 2
29 52 -2
29 54 2
30 34 2
30 35 -2
31 32 2
31 33 2
31 34 2
31 35 2
31 42 -2
31 43 -2
31 44 -2
31 45 -2
32 33 2
32 34 2
32 35 2
32 42 2
32 49 -2
32 50 -2
32 51 -2
33 34 2
33 35 2
33 43 2
33 49 2
33 53 -2
33 54 -2
34 35 2
34 44 2
34 50 2
34 53 2
34 55 -2
36 38 -2
36 40 -2
36 43 -2
37 38 2
37 41 -2
37 44 -2
37 46 -2
37 48 2
37 50 2
38 40 2
38 41 -2
38 43 2
38 44 -2
39 40 2
39 41 2
39 45 -2
39 47 -2
39 48 -2
39 51 2
40 41 2
40 43 2
40 45 -2
40 47 2
40 52 -2
40 54 2
41 44 2
41 45 -2
42 43 2
42 44 2
42 45 2
42 49 -2
42 50 -2
42 51 -2
43 44 2
43 45 2
43 49 2
43 53 -2
43 54 -2
44 45 2
44 50 2
44 53 2
44 55 -2
46 48 -2
46 50 -2
47 48 2
47 51 -2
47 52 -2
47 54 2
48 50 2
48 51 -2
49 50 2
49 51 2
49 53 -2
49 54 -2
50 51 2
50 53 2
50 55 -2
52 54 -2
53 54 2
53 55 -2
