10 18 1 106.48486642317425 96.80442402106749
0 1.191493426651163 0.19149342665116298
1 2.3436400375465691 0.34364003754656908
2 2.2838765527558613 0.28387655275586138
3 0.43198626758092118 0.43198626758092118
4 1.3568582210451088 0.35685822104510878
5 0.64797940137138177 0.64797940137138177
6 1.1722278577722569 0.17222785777225691
7 2.2452095260615041 0.24520952606150428
8 2.4452488762695737 0.44524887626957355
9 1.3607392613946374 0.3607392613946373
0 2 -2
0 4 -2
1 2 2
1 5 -2
1 6 -2
1 8 2
2 4 2
2 5 -2
3 4 2
3 5 2
3 7 -2
3 8 -2
4 5 2
4 7 2
4 9 -2
6 8 -2
7 8 2
7 9 -2
