120 1008 1 137.5129727871828 125.01179344289343
0 1.0092925633569723 0.0092925633569721881
1 2.0239259354249137 0.023925935424913721
2 2.0239259354249137 0.023925935424913721
3 2.0407360473542426 0.040736047354242882
4 3.0407360473542426 0.040736047354242882
5 2.0417059532436297 0.04170595324362962
6 2.0560620253615789 0.056062025361579046
7 3.0560620253615793 0.056062025361579046
8 3.0573968354892354 0.057396835489235694
9 2.0787537975317418 0.078753797531741998
10 2.1886667497351255 0.18866674973512523
11 3.1886667497351251 0.18866674973512523
12 3.1931588152050092 0.19315881520500913
13 3.265031862723152 0.2650318627231521
14 2.233587404433965 0.23358740443396456
15 2.2686227742276515 0.26862277422765152
16 3.2686227742276515 0.26862277422765152
17 3.275018554566405 0.27501855456640512
18 3.377351039986463 0.37735103998646286
19 3.3325805776151873 0.33258057761518761
20 2.3517679186314484 0.35176791863144841
21 2.2979577093459267 0.29795770934592636
22 3.2979577093459262 0.29795770934592636
23 3.3050519405208294 0.30505194052082935
24 3.4185596393192776 0.41855963931927753
25 3.3689000210949565 0.36890002109495645
26 3.390182714619665 0.39018271461966547
27 2.227015397596896 0.22701539759689626
28 0.3054257292873731 0.3054257292873731
29 1.3054257292873732 0.3054257292873731
30 1.312697770460882 0.31269777046088199
31 1.4290504292370241 0.42905042923702413
32 1.378146141022462 0.37814614102246197
33 1.3999622645429886 0.39996226454298861
34 1.2327053175522842 0.23270531755228427
35 0.42177838806351525 0.42177838806351525
36 1.0236128537244571 0.023612853724457105
37 2.0404229656537862 0.040422965653786266
38 2.0413854172169716 0.041385417216971657
39 2.0557489436611225 0.05574894366112243
40 3.0570762994625778 0.057076299462577723
41 2.0783139922858624 0.078313992285862458
42 2.1883536680346687 0.18835366803466863
43 3.1928382791783516 0.19283827917835122
44 3.2645920574772727 0.2645920574772726
45 2.2331997794714944 0.23319977947149451
46 2.2683096925271951 0.26830969252719494
47 3.2746980185397474 0.27469801853974718
48 3.3769112347405832 0.37691123474058336
49 3.3321929526527172 0.33219295265271753
50 2.3513579306903747 0.35135793069037435
51 2.2976446276454698 0.29764462764546973
52 3.3047314044941709 0.30473140449417141
53 3.4181198340733983 0.41811983407339798
54 3.3685123961324863 0.36851239613248638
55 3.3897727266785913 0.38977272667859136
56 2.2267768591584529 0.22677685915845314
57 2.3051126475869164 0.30511264758691653
58 3.3123772344342237 0.31237723443422405
59 3.4286106239911449 0.42861062399114463
60 3.3777585160599921 0.37775851605999189
61 3.3995522766019142 0.39955227660191445
62 3.2324667791138411 0.23246677911384114
63 2.4213460371438376 0.42134603714383706
64 1.032192138378158 0.032192138378158097
65 2.0478830206237641 0.047883020623764164
66 2.0656999585302809 0.065699958530281058
67 2.1836450003395376 0.18364500033953765
68 3.2519780237216911 0.2519780237216912
69 2.2220823259919986 0.22208232599199904
70 2.2655047397009334 0.26550473970093363
71 3.3642972009850021 0.36429720098500196
72 3.3210754991732219 0.32107549917322209
73 2.339599085663985 0.33959908566398489
74 2.2955381256553578 0.29553812565535786
75 3.4055058003178167 0.40550580031781663
76 3.357394942652991 0.35739494265299088
77 3.3780138816522016 0.3780138816522019
78 2.2199353493249174 0.21993534932491748
79 2.3031839555954106 0.3031839555954105
80 3.4159965902355633 0.41599659023556324
81 3.3666410625804959 0.36664106258049639
82 3.3877934315755245 0.38779343157552504
83 3.2256252692803051 0.22562526928030546
84 2.4089458005705535 0.40894580057055363
85 1.0451435549110299 0.045143554911029865
86 2.2314216201024397 0.23142162010244
87 2.2039648177174045 0.20396481771740474
88 2.3437407973657507 0.34374079736575075
89 3.3029579908986277 0.30295799089862779
90 2.3204363365273948 0.32043633652739473
91 2.3849493966985653 0.38494939669856537
92 3.339277434378396 0.33927743437839658
93 3.3588511325156114 0.35885113251561179
94 2.2087861134636286 0.20878611346362869
95 2.395440186616312 0.39544018661631203
96 3.3485235543059018 0.34852355430590209
97 3.3686306824389343 0.36863068243893488
98 3.2144760334190163 0.21447603341901667
99 2.3887378105719677 0.38873781057196771
100 1.1831522981858542 0.18315229818585432
101 2.2821454713670772 0.28214547136707741
102 2.298423094715178 0.29842309471517797
103 2.3184649148468464 0.31846491484684619
104 3.3368378907033946 0.33683789070339504
105 2.1959784091365204 0.19597840913652073
106 2.3277110347743513 0.32771103477435171
107 3.3466174406267184 0.34661744062671818
108 3.2016683290919086 0.20166832909190874
109 2.3655238464790846 0.36552384647908459
110 1.2783533616103331 0.27835336161033303
111 2.3167681575985499 0.31676815759855009
112 2.1843014735118835 0.18430147351188367
113 2.3265477075218732 0.32654770752187318
114 3.1899913934672712 0.18999139346727167
115 2.3443594006594304 0.34435940065942988
116 1.0832693025606104 0.083269302560610381
117 2.0889592225159985 0.088959222515998373
118 2.1612385908102469 0.16123859081024705
119 1.0508231284158061 0.050823128415805968
0 2 -2
0 4 -2
0 7 -2
0 11 -2
0 16 -2
0 22 -2
0 29 -2
1 2 2
1 5 -2
1 8 -2
1 12 -2
1 17 -2
1 23 -2
1 30 -2
1 36 -2
1 38 2
1 40 2
1 43 2
1 47 2
1 52 2
1 58 2
2 4 2
2 5 -2
2 7 2
2 8 -2
2 11 2
2 12 -2
2 16 2
2 17 -2
2 22 2
2 23 -2
2 29 2
2 30 -2
3 4 2
3 5 2
3 9 -2
3 13 -2
3 18 -2
3 24 -2
3 31 -2
3 37 -2
3 38 -2
3 41 2
3 44 2
3 48 2
3 53 2
3 59 2
4 5 2
4 7 2
4 9 -2
4 11 2
4 13 -2
4 16 2
4 18 -2
4 22 2
4 24 -2
4 29 2
4 31 -2
4 37 2
4 64 -2
4 66 2
4 68 2
4 71 2
4 75 2
4 80 2
5 8 2
5 9 -2
5 12 2
5 13 -2
5 17 2
5 18 -2
5 23 2
5 24 -2
5 30 2
5 31 -2
6 7 2
6 8 2
6 9 2
6 14 -2
6 19 -2
6 25 -2
6 32 -2
6 39 -2
6 40 -2
6 41 -2
6 45 2
6 49 2
6 54 2
6 60 2
7 8 2
7 9 2
7 11 2
7 14 -2
7 16 2
7 19 -2
7 22 2
7 25 -2
7 29 2
7 32 -2
7 39 2
7 65 -2
7 66 -2
7 69 2
7 72 2
7 76 2
7 81 2
8 9 2
8 12 2
8 14 -2
8 17 2
8 19 -2
8 23 2
8 25 -2
8 30 2
8 32 -2
8 40 2
8 65 2
8 85 -2
8 87 2
8 89 2
8 92 2
8 96 2
9 13 2
9 14 -2
9 18 2
9 19 -2
9 24 2
9 25 -2
9 31 2
9 32 -2
10 11 2
10 12 2
10 13 2
10 14 2
10 20 -2
10 26 -2
10 33 -2
10 42 -2
10 43 -2
10 44 -2
10 45 -2
10 50 2
10 55 2
10 61 2
11 12 2
11 13 2
11 14 2
11 16 2
11 20 -2
11 22 2
11 26 -2
11 29 2
11 33 -2
11 42 2
11 67 -2
11 68 -2
11 69 -2
11 73 2
11 77 2
11 82 2
12 13 2
12 14 2
12 17 2
12 20 -2
12 23 2
12 26 -2
12 30 2
12 33 -2
12 43 2
12 67 2
12 86 -2
12 87 -2
12 90 2
12 93 2
12 97 2
13 14 2
13 18 2
13 20 -2
13 24 2
13 26 -2
13 31 2
13 33 -2
13 44 2
13 68 2
13 86 2
13 100 -2
13 102 2
13 104 2
13 107 2
14 19 2
14 20 -2
14 25 2
14 26 -2
14 32 2
14 33 -2
15 16 2
15 17 2
15 18 2
15 19 2
15 20 2
15 27 -2
15 34 -2
15 46 -2
15 47 -2
15 48 -2
15 49 -2
15 50 -2
15 56 2
15 62 2
16 17 2
16 18 2
16 19 2
16 20 2
16 22 2
16 27 -2
16 29 2
16 34 -2
16 46 2
16 70 -2
16 71 -2
16 72 -2
16 73 -2
16 78 2
16 83 2
17 18 2
17 19 2
17 20 2
17 23 2
17 27 -2
17 30 2
17 34 -2
17 47 2
17 70 2
17 88 -2
17 89 -2
17 90 -2
17 94 2
17 98 2
18 19 2
18 20 2
18 24 2
18 27 -2
18 31 2
18 34 -2
18 48 2
18 71 2
18 88 2
18 101 -2
18 102 -2
18 105 2
18 108 2
19 20 2
19 25 2
19 27 -2
19 32 2
19 34 -2
19 49 2
19 72 2
19 89 2
19 101 2
19 110 -2
19 112 2
19 114 2
20 26 2
20 27 -2
20 33 2
20 34 -2
21 22 2
21 23 2
21 24 2
21 25 2
21 26 2
21 27 2
21 35 -2
21 51 -2
21 52 -2
21 53 -2
21 54 -2
21 55 -2
21 56 -2
21 63 2
22 23 2
22 24 2
22 25 2
22 26 2
22 27 2
22 29 2
22 35 -2
22 51 2
22 74 -2
22 75 -2
22 76 -2
22 77 -2
22 78 -2
22 84 2
23 24 2
23 25 2
23 26 2
23 27 2
23 30 2
23 35 -2
23 52 2
23 74 2
23 91 -2
23 92 -2
23 93 -2
23 94 -2
23 99 2
24 25 2
24 26 2
24 27 2
24 31 2
24 35 -2
24 53 2
24 75 2
24 91 2
24 103 -2
24 104 -2
24 105 -2
24 109 2
25 26 2
25 27 2
25 32 2
25 35 -2
25 54 2
25 76 2
25 92 2
25 103 2
25 111 -2
25 112 -2
25 115 2
26 27 2
26 33 2
26 35 -2
26 55 2
26 77 2
26 93 2
26 104 2
26 111 2
26 116 -2
26 118 2
27 34 2
27 35 -2
28 29 2
28 30 2
28 31 2
28 32 2
28 33 2
28 34 2
28 35 2
28 57 -2
28 58 -2
28 59 -2
28 60 -2
28 61 -2
28 62 -2
28 63 -2
29 30 2
29 31 2
29 32 2
29 33 2
29 34 2
29 35 2
29 57 2
29 79 -2
29 80 -2
29 81 -2
29 82 -2
29 83 -2
29 84 -2
30 31 2
30 32 2
30 33 2
30 34 2
30 35 2
30 58 2
30 79 2
30 95 -2
30 96 -2
30 97 -2
30 98 -2
30 99 -2
31 32 2
31 33 2
31 34 2
31 35 2
31 59 2
31 80 2
31 95 2
31 106 -2
31 107 -2
31 108 -2
31 109 -2
32 33 2
32 34 2
32 35 2
32 60 2
32 81 2
32 96 2
32 106 2
32 113 -2
32 114 -2
32 115 -2
33 34 2
33 35 2
33 61 2
33 82 2
33 97 2
33 107 2
33 113 2
33 117 -2
33 118 -2
34 35 2
34 62 2
34 83 2
34 98 2
34 108 2
34 114 2
34 117 2
34 119 -2
36 38 -2
36 40 -2
36 43 -2
36 47 -2
36 52 -2
36 58 -2
37 38 2
37 41 -2
37 44 -2
37 48 -2
37 53 -2
37 59 -2
37 64 -2
37 66 2
37 68 2
37 71 2
37 75 2
37 80 2
38 40 2
38 41 -2
38 43 2
38 44 -2
38 47 2
38 48 -2
38 52 2
38 53 -2
38 58 2
38 59 -2
39 40 2
39 41 2
39 45 -2
39 49 -2
39 54 -2
39 60 -2
39 65 -2
39 66 -2
39 69 2
39 72 2
39 76 2
39 81 2
40 41 2
40 43 2
40 45 -2
40 47 2
40 49 -2
40 52 2
40 54 -2
40 58 2
40 60 -2
40 65 2
40 85 -2
40 87 2
40 89 2
40 92 2
40 96 2
41 44 2
41 45 -2
41 48 2
41 49 -2
41 53 2
41 54 -2
41 59 2
41 60 -2
42 43 2
42 44 2
42 45 2
42 50 -2
42 55 -2
42 61 -2
42 67 -2
42 68 -2
42 69 -2
42 73 2
42 77 2
42 82 2
43 44 2
43 45 2
43 47 2
43 50 -2
43 52 2
43 55 -2
43 58 2
43 61 -2
43 67 2
43 86 -2
43 87 -2
43 90 2
43 93 2
43 97 2
44 45 2
44 48 2
44 50 -2
44 53 2
44 55 -2
44 59 2
44 61 -2
44 68 2
44 86 2
44 100 -2
44 102 2
44 104 2
44 107 2
45 49 2
45 50 -2
45 54 2
45 55 -2
45 60 2
45 61 -2
46 47 2
46 48 2
46 49 2
46 50 2
46 56 -2
46 62 -2
46 70 -2
46 71 -2
46 72 -2
46 73 -2
46 78 2
46 83 2
47 48 2
47 49 2
47 50 2
47 52 2
47 56 -2
47 58 2
47 62 -2
47 70 2
47 88 -2
47 89 -2
47 90 -2
47 94 2
47 98 2
48 49 2
48 50 2
48 53 2
48 56 -2
48 59 2
48 62 -2
48 71 2
48 88 2
48 101 -2
48 102 -2
48 105 2
48 108 2
49 50 2
49 54 2
49 56 -2
49 60 2
49 62 -2
49 72 2
49 89 2
49 101 2
49 110 -2
49 112 2
49 114 2
50 55 2
50 56 -2
50 61 2
50 62 -2
51 52 2
51 53 2
51 54 2
51 55 2
51 56 2
51 63 -2
51 74 -2
51 75 -2
51 76 -2
51 77 -2
51 78 -2
51 84 2
52 53 2
52 54 2
52 55 2
52 56 2
52 58 2
52 63 -2
52 74 2
52 91 -2
52 92 -2
52 93 -2
52 94 -2
52 99 2
53 54 2
53 55 2
53 56 2
53 59 2
53 63 -2
53 75 2
53 91 2
53 103 -2
53 104 -2
53 105 -2
53 109 2
54 55 2
54 56 2
54 60 2
54 63 -2
54 76 2
54 92 2
54 103 2
54 111 -2
54 112 -2
54 115 2
55 56 2
55 61 2
55 63 -2
55 77 2
55 93 2
55 104 2
55 111 2
55 116 -2
55 118 2
56 62 2
56 63 -2
57 58 2
57 59 2
57 60 2
57 61 2
57 62 2
57 63 2
57 79 -2
57 80 -2
57 81 -2
57 82 -2
57 83 -2
57 84 -2
58 59 2
58 60 2
58 61 2
58 62 2
58 63 2
58 79 2
58 95 -2
58 96 -2
58 97 -2
58 98 -2
58 99 -2
59 60 2
59 61 2
59 62 2
59 63 2
59 80 2
59 95 2
59 106 -2
59 107 -2
59 108 -2
59 109 -2
60 61 2
60 62 2
60 63 2
60 81 2
60 96 2
60 106 2
60 113 -2
60 114 -2
60 115 -2
61 62 2
61 63 2
61 82 2
61 97 2
61 107 2
61 113 2
61 117 -2
61 118 -2
62 63 2
62 83 2
62 98 2
62 108 2
62 114 2
62 117 2
62 119 -2
64 66 -2
64 68 -2
64 71 -2
64 75 -2
64 80 -2
65 66 2
65 69 -2
65 72 -2
65 76 -2
65 81 -2
65 85 -2
65 87 2
65 89 2
65 92 2
65 96 2
66 68 2
66 69 -2
66 71 2
66 72 -2
66 75 2
66 76 -2
66 80 2
66 81 -2
67 68 2
67 69 2
67 73 -2
67 77 -2
67 82 -2
67 86 -2
67 87 -2
67 90 2
67 93 2
67 97 2
68 69 2
68 71 2
68 73 -2
68 75 2
68 77 -2
68 80 2
68 82 -2
68 86 2
68 100 -2
68 102 2
68 104 2
68 107 2
69 72 2
69 73 -2
69 76 2
69 77 -2
69 81 2
69 82 -2
70 71 2
70 72 2
70 73 2
70 78 -2
70 83 -2
70 88 -2
70 89 -2
70 90 -2
70 94 2
70 98 2
71 72 2
71 73 2
71 75 2
71 78 -2
71 80 2
71 83 -2
71 88 2
71 101 -2
71 102 -2
71 105 2
71 108 2
72 73 2
72 76 2
72 78 -2
72 81 2
72 83 -2
72 89 2
72 101 2
72 110 -2
72 112 2
72 114 2
73 77 2
73 78 -2
73 82 2
73 83 -2
74 75 2
74 76 2
74 77 2
74 78 2
74 84 -2
74 91 -2
74 92 -2
74 93 -2
74 94 -2
74 99 2
75 76 2
75 77 2
75 78 2
75 80 2
75 84 -2
75 91 2
75 103 -2
75 104 -2
75 105 -2
75 109 2
76 77 2
76 78 2
76 81 2
76 84 -2
76 92 2
76 103 2
76 111 -2
76 112 -2
76 115 2
77 78 2
77 82 2
77 84 -2
77 93 2
77 104 2
77 111 2
77 116 -2
77 118 2
78 83 2
78 84 -2
79 80 2
79 81 2
79 82 2
79 83 2
79 84 2
79 95 -2
79 96 -2
79 97 -2
79 98 -2
79 99 -2
80 81 2
80 82 2
80 83 2
80 84 2
80 95 2
80 106 -2
80 107 -2
80 108 -2
80 109 -2
81 82 2
81 83 2
81 84 2
81 96 2
81 106 2
81 113 -2
81 114 -2
81 115 -2
82 83 2
82 84 2
82 97 2
82 107 2
82 113 2
82 117 -2
82 118 -2
83 84 2
83 98 2
83 108 2
83 114 2
83 117 2
83 119 -2
85 87 -2
85 89 -2
85 92 -2
85 96 -2
86 87 2
86 90 -2
86 93 -2
86 97 -2
86 100 -2
86 102 2
86 104 2
86 107 2
87 89 2
87 90 -2
87 92 2
87 93 -2
87 96 2
87 97 -2
88 89 2
88 90 2
88 94 -2
88 98 -2
88 101 -2
88 102 -2
88 105 2
88 108 2
89 90 2
89 92 2
89 94 -2
89 96 2
89 98 -2
89 101 2
89 110 -2
89 112 2
89 114 2
90 93 2
90 94 -2
90 97 2
90 98 -2
91 92 2
91 93 2
91 94 2
91 99 -2
91 103 -2
91 104 -2
91 105 -2
91 109 2
92 93 2
92 94 2
92 96 2
92 99 -2
92 103 2
92 111 -2
92 112 -2
92 115 2
93 94 2
93 97 2
93 99 -2
93 104 2
93 111 2
93 116 -2
93 118 2
94 98 2
94 99 -2
95 96 2
95 97 2
95 98 2
95 99 2
95 106 -2
95 107 -2
95 108 -2
95 109 -2
96 97 2
96 98 2
96 99 2
96 106 2
96 113 -2
96 114 -2
96 115 -2
97 98 2
97 99 2
97 107 2
97 113 2
97 117 -2
97 118 -2
98 99 2
98 108 2
98 114 2
98 117 2
98 119 -2
100 102 -2
100 104 -2
100 107 -2
101 102 2
101 105 -2
101 108 -2
101 110 -2
101 112 2
101 114 2
102 104 2
102 105 -2
102 107 2
102 108 -2
103 104 2
103 105 2
103 109 -2
103 111 -2
103 112 -2
103 115 2
104 105 2
104 107 2
104 109 -2
104 111 2
104 116 -2
104 118 2
105 108 2
105 109 -2
106 107 2
106 108 2
106 109 2
106 113 -2
106 114 -2
106 115 -2
107 108 2
107 109 2
107 113 2
107 117 -2
107 118 -2
108 109 2
108 114 2
108 117 2
108 119 -2
110 112 -2
110 114 -2
111 112 2
111 115 -2
111 116 -2
111 118 2
112 114 2
112 115 -2
113 114 2
113 115 2
113 117 -2
113 118 -2
114 115 2
114 117 2
114 119 -2
116 118 -2
117 118 2
117 119 -2
