10 18 1 76.687558985588325 69.715962714171198
0 1.39972269358415 0.39972269358415002
1 2.4602863038030764 0.4602863038030765
2 2.3776708133768834 0.3776708133768833
3 0.50855706604677764 0.50855706604677764
4 1.4172775926537662 0.41727759265376629
5 0.43031751742419649 0.43031751742419649
6 1.3334391674665464 0.33343916746654645
7 2.3730459467434297 0.37304594674342945
8 2.3847036325791615 0.38470363257916168
9 1.0920906228529927 0.09209062285299266
0 2 -2
0 4 -2
1 2 2
1 5 -2
1 6 -2
1 8 2
2 4 2
2 5 -2
3 4 2
3 5 2
3 7 -2
3 8 -2
4 5 2
4 7 2
4 9 -2
6 8 -2
7 8 2
7 9 -2
