10 18 1 86.138806196959109 78.30800563359918
0 1.1467735792352942 0.14677357923529422
1 2.3122902347628127 0.31229023476281287
2 2.322049304599151 0.32204930459915077
3 0.37149342338029373 0.37149342338029373
4 1.383102592860928 0.3831025928609279
5 0.62689515195424572 0.62689515195424572
6 1.3039537214459604 0.3039537214459605
7 2.365007009707738 0.36500700970773764
8 2.5972841977035706 0.59728419770357066
9 1.3792147369946868 0.37921473699468677
0 2 -2
0 4 -2
1 2 2
1 5 -2
1 6 -2
1 8 2
2 4 2
2 5 -2
3 4 2
3 5 2
3 7 -2
3 8 -2
4 5 2
4 7 2
4 9 -2
6 8 -2
7 8 2
7 9 -2
