20 60 1 110.50056258997513 100.45505689997738
0 1.0470844553813932 0.047084455381393192
1 2.1215808505517537 0.12158085055175354
2 2.1250545891389465 0.12505458913894649
3 2.277492021852205 0.2774920218522049
4 3.2854203653336964 0.28542036533369647
5 2.3329904262226457 0.3329904262226458
6 0.3167404688234165 0.3167404688234165
7 1.3257901965040855 0.32579019650408553
8 1.3800885625880996 0.38008856258809975
9 0.5791825715628186 0.57918257156281872
10 1.0925181817414877 0.092518181741487737
11 2.2528839579362381 0.25288395793623769
12 2.2950312842589442 0.29503128425894398
13 2.2932537891066267 0.29325378910662681
14 3.3421294206243974 0.34212942062439794
15 2.5213400695228918 0.52134006952289214
16 1.2764890797649739 0.27648907976497406
17 2.3235872161304281 0.32358721613042807
18 2.4930852817225571 0.493085281722557
19 1.3568633019824694 0.35686330198246952
0 2 -2
0 4 -2
0 7 -2
1 2 2
1 5 -2
1 8 -2
1 10 -2
1 12 2
1 14 2
2 4 2
2 5 -2
2 7 2
2 8 -2
3 4 2
3 5 2
3 9 -2
3 11 -2
3 12 -2
3 15 2
4 5 2
4 7 2
4 9 -2
4 11 2
4 16 -2
4 18 2
5 8 2
5 9 -2
6 7 2
6 8 2
6 9 2
6 13 -2
6 14 -2
6 15 -2
7 8 2
7 9 2
7 13 2
7 17 -2
7 18 -2
8 9 2
8 14 2
8 17 2
8 19 -2
10 12 -2
10 14 -2
11 12 2
11 15 -2
11 16 -2
11 18 2
12 14 2
12 15 -2
13 14 2
13 15 2
13 17 -2
13 18 -2
14 15 2
14 17 2
14 19 -2
16 18 -2
17 18 2
17 19 -2
